-4.319297
-1.119153
0.692235
-0.103837
0.082227
-0.775715
-1.674211
0.464525
0.465731
1.511683
-0.296297
0.048687
0.957987
-1.817477
-1.612179
0.074515
0.443089
-2.422919
-0.296523
-1.499731
-0.208331
0.486723
0.224913
1.479049
1.020131
0.067551
-1.328753
0.395921
-0.212139
0.527827
1.342733
0.713389
-0.635803
-1.669953
0.631311
-0.444795
0.338849
0.694801
2.367159
-0.344225
-0.683839
2.109523
0.590763
0.685087
0.389423
-1.456077
0.336185
1.198851
-0.604639
-0.160075
0.727351
-0.055849
-0.713481
-0.598041
-0.360425
-0.968061
-0.033803
1.268309
1.335893
-1.550055
1.308529
0.011337
0.040849
-0.470405
2.215645
-0.015099
-0.624517
-1.336257
1.623551
-1.448427
0.001771
-0.294621
-0.591533
1.364643
0.074633
-0.089241
1.563053
-1.644041
0.711181
0.739519
0.945575
-1.148577
-2.147729
0.491475
1.118143
0.330643
0.631747
0.598995
3.267701
1.218969
-0.728367
-0.506305
-0.382581
0.033277
0.230409
1.019349
-0.222197
1.000685
-0.614881
-0.213691
0.093643
-0.080507
-0.561547
-0.921757
-1.020609
0.180587
0.850245
-1.837695
0.086459
-0.003811
1.699215
0.669125
0.137251
1.230459
0.318241
1.002875
-0.995415
-0.796911
0.567197
-1.124375
-1.334683
-0.598995
-2.747827
-0.216515
-1.928827
0.552857
1.537359
-0.706591
-0.911957
-0.474591
1.210677
0.390883
-1.034999
0.471465
-0.290245
-0.285253
-0.000651
-1.047073
0.220313
1.017639
0.227823
1.699725
0.141205
-1.044395
2.127363
-0.230719
-1.072181
0.163401
-0.667815
-0.028795
-0.090285
1.763537
-1.145357
-0.842489
-0.469799
0.329917
-1.142073
0.388707
0.309775
0.852647
-0.681299
-0.059113
-0.281107
-0.830069
-1.905229
1.291145
-0.185299
-1.071285
1.620957
-0.226741
-1.120791
1.203705
-1.327489
-0.985463
-1.467917
-0.344225
-0.664901
-1.102559
0.782885
-0.112265
-0.386607
-0.119853
0.874013
1.488377
0.389767
-0.788343
0.466559
1.334145
-0.674095
1.084189
-0.072099
0.014929
0.254365
0.906111
0.692993
-0.094781
1.658259
0.339115
-0.152669
0.933415
0.492963
0.530757
2.230579
1.689255
1.041893
-0.555385
0.093949
0.036189
-1.262225
-0.217195
0.193499
1.157987
-0.150873
0.612049
1.122917
0.569943
0.844195
0.543291
0.648643
-2.072867
1.205687
0.062675
-0.092067
-1.512575
0.563409
-0.027719
0.433513
0.473435
-0.843213
1.382779
1.107137
1.226627
0.110385
-1.083945
-0.124785
2.303067
-0.787373
-0.135715
-0.479667
0.036753
1.182539
-0.151667
-0.081477
0.865617
-0.344707
-0.801163
3.126883
-1.021097
0.333145
0.295909
-3.241247
-3.128335
0.749931
0.604771
-0.470001
-0.207721
0.474683
0.469269
-0.822973
0.979849
0.550233
0.949071
-1.313255
-1.393479
0.719243
0.330719
-0.793127
-0.794175
-1.397973
-0.282389
1.666163
1.621501
-0.279701
-0.615191
0.502007
-0.570897
0.761649
0.785313
-0.195605
-0.576449
-0.863369
-2.279583
-0.871197
2.125697
-0.693321
0.914321
-1.096387
-0.258155
0.255961
-0.927321
0.947683
-1.003827
2.255115
-0.652099
-0.727047
-1.272277
-0.774187
0.344373
0.512951
0.823083
0.513623
0.683771
0.438589
0.340951
-1.585375
0.248733
-0.748739
-0.471119
0.523923
-1.187899
0.714595
0.065527
0.135549
0.222373
-0.440835
0.533017
-1.066739
-0.987547
-0.036793
1.081333
0.889993
0.142951
0.640255
-0.478895
-1.101535
0.071621
-0.493759
0.222709
0.045343
-0.174217
-0.646919
-0.331255
-0.271463
-0.133585
-0.060457
-0.284977
-0.584943
-1.416853
-0.332537
-0.662199
0.444845
0.457201
0.034939
0.608609
0.585123
1.595975
-0.098679
1.556143
-0.463341
-0.099341
0.042989
0.416165
-0.248607
0.267971
2.211595
-1.034747
0.440183
-0.402067
0.104743
0.057201
0.951161
-2.171399
-0.600131
0.366431
0.115905
1.390739
-0.623089
1.882067
-0.684807
1.010931
0.507287
-0.111143
0.904373
-2.012499
-0.991385
0.544495
0.547045
-0.159499
0.208091
0.679879
2.388139
0.512013
-0.584293
0.686695
-0.949517
-2.631223
-0.010803
-1.405631
-0.981875
1.300593
0.782337
0.664075
-0.160039
-2.492539
0.214155
0.046335
-1.499673
0.110573
-0.280021
-0.786369
-0.290363
0.323551
0.409879
0.551397
0.097061
-0.581985
0.899971
-0.326801
0.484829
-0.495373
-2.351557
-1.260209
0.052563
0.758353
-0.769883
-1.595693
-1.471081
-0.993333
0.594059
-0.532985
-1.639039
-0.055667
-0.107587
0.050123
-0.134537
-1.035099
-0.565279
0.968817
0.511893
0.196207
0.470957
-0.436673
-1.576327
2.222729
0.106463
-2.936927
1.063367
-1.890353
-0.311921
-0.025943
0.192111
0.640137
0.465831
0.091031
-1.804357
-1.162547
1.932573
-0.884269
-0.381763
0.290087
0.273099
-1.145831
0.132895
1.685235
-0.366691
0.986685
1.947327
-0.646389
-0.669691
-0.190815
0.889183
1.269755
-0.691627
0.708289
0.509663
-0.120987
-0.632225
0.427529
-1.192305
-0.807941
-1.207211
0.118021
-2.507505
-0.930817
0.251689
-0.171519
-1.388409
0.488533
-0.317823
0.978985
-1.156995
1.932419
-1.886181
-1.402701
-0.014429
0.736995
1.506499
-0.674003
-0.359375
0.735931
-0.000113
0.672135
0.445175
0.472361
0.695949
-1.794489
-0.736965
-0.766575
0.157569
0.392407
0.296589
-0.327975
-0.756079
-0.726745
0.393463
-0.970385
0.656049
-0.995455
-1.668195
0.417909
-1.150619
1.636735
-0.039665
0.308227
1.365963
-2.098183
0.236675
0.588409
-0.008569
-1.610043
-0.146833
0.048081
0.745263
-1.511299
-0.143899
1.998711
-0.080949
-0.442523
-0.135953
0.653471
-0.822693
-0.948729
-0.325189
1.552471
1.809987
-0.658971
-1.473301
-1.155961
0.066067
-0.994117
0.044399
-1.252551
1.000955
-0.335665
-0.191951
-0.447583
0.563775
0.193651
1.135343
0.700669
0.980571
0.523799
-0.281771
1.516009
0.267875
-0.352895
0.099185
-0.112857
-0.248971
-0.704887
-1.384613
-0.197857
-0.069289
-0.554069
-1.253737
-0.784457
0.848853
0.068833
0.436657
1.096831
-0.694291
0.557959
-0.632095
-0.298079
-1.398341
-0.101033
-0.729439
0.825135
-0.021703
-2.723597
-0.624593
0.425293
-0.188631
-0.889659
1.792525
-1.107499
0.826907
1.607653
-0.949611
0.268911
-1.523607
-0.392103
-0.546191
0.024211
0.937839
0.971451
0.602089
-0.441477
0.849089
0.336527
-1.691815
-1.734437
-1.022319
0.729215
-1.540401
0.048403
1.469487
-0.770455
-0.825433
-1.346985
0.523511
0.543075
-0.013459
-0.637873
0.557979
-0.309775
-0.839323
-0.730287
-0.160875
-0.076531
1.085669
1.999785
-0.139523
-1.821795
0.059621
-1.857237
0.684511
0.231631
0.926437
-0.441077
-0.732021
0.091691
-0.174801
-0.244089
2.236019
1.837197
1.038711
1.114717
-0.491307
-1.043363
2.819969
0.357183
-0.080111
1.490203
0.498041
0.897997
0.104299
0.183523
-0.997685
1.600447
0.920459
-1.013487
-1.738349
-0.402623
-1.226425
-1.301533
0.047073
-2.006433
0.154731
1.066389
0.042395
0.452441
0.634659
0.519977
-1.999087
-0.870611
0.442651
-0.396491
-1.504005
-1.077133
1.412627
-0.766611
-0.305181
0.217307
-0.964839
-1.937541
0.499045
0.713861
0.564211
-1.423303
0.227053
1.443093
1.473543
-0.175239
0.014963
0.959139
1.399951
0.257587
0.594275
0.048487
-0.023021
-0.988641
1.979417
0.187485
-0.603011
0.078857
0.520257
0.431779
-1.296321
0.122469
0.281241
0.434301
-0.012221
0.180403
0.224685
-0.147641
-1.031229
0.005701
0.616941
-1.856987
-1.629377
0.055333
-0.465905
-1.811143
-0.689857
-1.241663
-0.297695
0.130283
0.246023
0.282213
1.516087
0.745549
0.032963
-0.033393
0.385665
0.515779
-0.233885
-0.032971
-0.050699
0.554699
0.085827
-0.592833
0.267707
-0.582535
0.534115
0.076499
1.540279
-0.721171
-0.218567
0.246819
0.782373
1.406771
0.471871
0.919861
0.068767
-0.737959
-1.063913
1.278827
-0.670023
0.389411
-2.588797
1.521525
-0.596703
1.074791
-0.586029
1.668895
0.017095
-1.160367
-0.210919
0.531521
-0.159873
-1.238645
0.726307
-1.282319
-0.147763
-0.400005
-0.532865
0.698669
-0.416535
-0.437821
-1.592769
0.184483
-0.036891
-0.832789
-1.203071
1.948925
1.101265
-0.020455
-0.338763
0.859299
-0.985441
-0.996187
-1.574181
-1.039651
-0.080045
-0.303885
1.193711
-0.191331
-0.221767
0.388817
-0.500597
-1.553579
0.894289
1.268311
1.401661
1.288521
0.738999
-0.951025
0.182593
-1.860553
0.853351
0.055711
1.087633
-0.591187
1.124001
0.219479
-0.281479
0.884901
0.064389
1.553695
-0.201797
0.201541
0.671801
1.178915
-0.417697
-0.879561
0.653011
0.579633
1.170807
-1.454753
0.553715
1.170299
-0.360119
-1.341661
-0.990239
-0.210097
-1.302175
0.452907
0.157593
0.889179
1.165995
0.736741
0.345671
1.261989
1.167089
-0.033921
-1.210359
-0.312095
-0.298609
0.488995
-1.166335
-1.426781
-1.065601
-0.056077
0.549263
-0.712689
-0.276801
1.975261
0.328587
0.471053
1.332733
-0.352051
1.076789
0.821353
-0.179245
-1.450133
-0.003433
-0.040437
-0.123807
-0.000859
0.645685
1.497307
-0.524051
-1.052891
-1.226431
-1.402909
1.918499
-0.232237
-0.711427
1.788597
0.967983
-0.848501
-1.128847
-0.854885
-0.414869
0.190851
-0.150291
0.216431
-0.169055
-0.336619
-0.299403
0.253689
-0.177717
-1.041649
0.440455
2.604575
0.518847
-0.246263
1.033341
0.913563
0.818211
-0.320621
-2.341319
-0.050711
0.355941
0.375875
0.371581
0.838177
-0.312413
-0.364691
-0.280623
-0.428053
0.506047
-1.058573
-0.548935
0.431247
1.055339
-0.482575
-1.061893
0.259173
-2.537135
1.410673
-0.300351
0.041449
-0.400335
-0.630655
-0.550467
0.968681
-1.153315
0.344113
-1.657617
-0.105359
-0.313853
-1.011567
0.693033
0.428819
-2.272421
0.823473
0.153287
-0.557321
-0.213265
-0.465991
0.036579
0.580333
1.002893
-0.732621
-0.087829
-0.322971
-1.644437
-1.447703
-0.832905
0.166663
0.960203
-0.195369
0.992603
-0.544517
-0.910819
-0.365081
1.507119
0.226051
-0.334397
-0.092731
0.326111
1.593285
-0.238399
-1.640203
-0.138685
0.242817
0.669183
1.099253
-1.121569
-1.255883
0.426993
0.967599
0.205181
0.408627
2.097659
-2.076671
1.415047
-0.860783
1.848335
0.057865
-0.586423
0.582231
0.228723
0.982535
0.972871
0.412155
0.614169
0.366559
-0.386593
0.087533
0.423807
-0.458133
1.122559
-0.144963
1.391527
-0.592771
1.662095
-1.188909
-0.212119
0.979669
1.780897
-0.431843
0.065673
0.090251
0.908175
1.474973
0.420371
-0.695957
1.566881
0.244873
-1.145343
-0.684045
1.209295
-0.855353
-0.982375
0.978137
0.259577
0.314007
0.989041
0.444467
-0.275269
1.132479
0.432601
-1.197241
-3.943055
0.456723
0.328551
-0.114181
0.187449
-1.848441
-0.381565
1.058483
-0.329637
0.416355
0.192767
-1.555113
0.657181
-0.584349
-0.144321
-0.929095
-1.329747
1.266007
2.428509
0.238257
-1.838377
0.498491
-0.032061
0.174693
1.257557
-0.164923
0.491869
-0.830395
-0.045837
-0.605443
1.617547
-0.692537
1.677341
-0.057807
-1.140267
1.767599
1.067627
-0.780971
-2.456857
0.780577
-1.641053
1.751321
0.362133
0.185037
-1.093473
-1.130927
0.933141
0.004645
0.401265
0.012681
0.066359
-1.183037
1.299165
0.436889
-0.590029
-0.287913
-0.275429
0.958507
-0.696681
-1.157941
0.607699
0.380129
-0.837285
1.030853
-2.003603
-1.250479
-0.885369
-0.355875
0.771039
0.580479
0.429895
0.204373
-0.382157
-1.006223
-0.547289
-0.957691
-0.759769
0.443647
-0.241033
1.208175
0.200261
-0.407427
-0.157971
0.523361
0.971227
0.813319
1.032443
-0.576261
-0.629041
-0.954321
0.084151
-1.452483
3.019887
0.675027
-1.163957
-0.975729
-0.188847
0.749433
-0.794103
-0.166383
-1.837377
1.470755
-1.247851
-0.624083
-0.045013
0.816105
-0.650997
-0.792909
-0.575537
-0.303833
-0.812951
1.464911
0.719435
0.296465
0.191293
-0.368275
1.327617
-0.849145
-1.204975
0.810383
0.519123
-2.091287
0.668111
-1.202789
1.253365
0.397847
-0.396441
-0.299151
-0.789025
-0.436351
-2.101807
1.368153
0.790801
-0.270337
0.612761
0.960311
1.164043
-1.128241
-0.403135
1.572385
-0.352609
-0.379765
-1.400679
0.181191
0.760069
1.011875
-0.016807
0.905185
0.365777
-0.162707
-0.379081
-0.387599
-0.578261
1.399167
0.321679
0.657529
-1.004621
0.760149
-0.668351
0.284685
1.056381
-0.482833
0.275267
-1.145883
-0.322171
-1.110959
-0.637615
-1.145357
-0.831601
0.676141
-1.468753
-0.103171
1.789633
-0.723535
-0.850521
0.478761
-1.396205
1.054777
-1.025505
-1.174105
0.874671
1.590977
-1.689935
-1.552575
0.953067
-1.075037
0.845799
-0.747145
-0.255381
0.251261
0.399415
-1.609745
2.207589
0.886423
-0.218347
-1.854437
-1.236973
1.950923
1.112875
0.442895
0.971573
-0.712049
0.573771
0.226793
-0.763645
-0.746237
-2.952979
-0.131187
-0.228149
1.498553
-2.005373
0.033843
-0.314683
1.078121
0.819929
0.277933
-0.434939
0.316015
0.395797
0.370217
-0.646063
-1.943129
2.227455
-0.814257
0.364681
0.151791
-0.313545
-1.171541
-0.127919
-1.090641
0.216753
0.106985
-0.041119
1.208641
-1.394425
-0.351537
-1.276955
-0.526671
1.001335
1.359475
0.946005
1.885203
0.890047
0.834045
0.993619
-0.128897
0.364063
0.507009
0.899321
-0.079773
-0.864585
-0.249325
1.480663
-0.082289
-0.309569
0.044119
-0.746257
1.277387
2.193029
-1.093925
-0.104263
0.493397
-0.585771
-0.229403
0.643133
-1.862661
-0.513125
-0.868185
0.889709
-0.598155
0.576201
-0.231081
0.789441
0.589665
0.194375
0.339645
0.836615
-3.454803
0.326017
-0.394975
-0.070605
-0.019535
0.074313
-0.471761
1.071041
-1.089341
-0.255569
-0.287375
1.021267
-1.588075
-0.108301
0.724209
-0.546111
1.773421
5.312665
3.118827
0.648337
-0.385909
0.829483
-0.845197
0.255247
0.107551
-0.669173
-0.835861
0.190711
0.034495
0.667271
0.274161
2.312871
0.836097
0.137741
-1.050817
-1.242587
0.059653
-0.686179
0.180517
-0.427891
0.464091
-1.480525
1.013715
1.156499
-0.434199
-1.056367
0.655957
0.417629
-0.246149
0.214771
0.139449
-0.014749
0.291069
1.438329
0.289565
-0.654535
-1.754607
0.307357
-0.402959
-1.974425
-0.948673
0.281203
-0.192067
0.172397
0.613939
-0.321349
-0.343415
-0.315275
-1.361957
0.209869
-0.206589
-1.222251
-0.453035
0.482189
0.161075
1.135277
0.079945
1.952119
-1.552753
-0.061843
-1.225827
2.417155
0.124435
0.520677
-1.139549
-0.062747
-1.560279
-0.138033
1.391591
-0.152211
1.073653
2.767629
0.123897
-1.153835
1.020799
-0.876947
0.424351
0.402311
1.929943
-0.106441
-0.997147
-1.083989
-0.572971
1.926251
0.248059
1.045951
-1.530991
1.443947
1.639007
-0.083651
-0.576227
-0.099803
-0.174277
1.108323
-0.846523
-0.292989
0.703719
0.893571
0.447487
0.587557
0.477129
-0.484583
-0.960179
0.490307
1.411393
-0.971039
-2.667719
-0.929535
-0.922433
-0.848599
0.435151
0.452239
0.043835
-0.458199
-0.082897
-0.465397
-1.318647
1.128461
-0.137999
-1.046025
0.390849
1.571625
1.186817
0.414995
-0.827725
-0.952797
-2.142553
-0.972449
-1.231419
-0.355275
0.153841
1.797087
-0.688739
-1.979839
-1.880203
1.206415
1.207351
1.360875
0.119097
-0.944035
-0.032473
0.894297
1.526913
0.209737
0.122899
-0.070865
0.685027
-0.433539
-0.944495
0.032499
-0.304361
0.946937
1.838937
-2.591507
-0.520409
-0.114135
1.228939
1.009081
-0.673371
0.624683
0.992635
-0.194325
0.548945
-0.238173
0.065971
0.064113
-1.331371
-0.243813
0.779407
-0.628651
-0.501929
-0.896595
0.695491
0.307247
0.372785
-0.447345
-1.018449
-0.898893
-0.112537
0.083265
-0.984529
1.444989
-0.229971
-1.863623
-0.964949
0.163813
2.181615
-1.079157
-0.430077
-0.498351
-0.373667
-0.982739
-0.461695
-0.306579
0.362137
0.259331
-1.778233
-0.425865
-1.417189
0.110587
-0.022257
-0.559615
-0.665961
-0.152693
0.408683
-0.452155
-2.935633
1.921981
-1.276613
-0.472245
1.700861
-0.387295
-0.972479
2.183191
-1.192963
-1.729219
1.761887
0.790153
-0.770877
-1.273271
-0.660201
-0.157285
-0.696651
-0.575155
0.123711
1.186573
1.043533
0.441205
0.144913
0.699349
1.293011
1.051041
0.705329
-0.725901
2.927239
-0.639397
-0.318535
-0.525831
0.660463
2.401443
0.726759
-0.179917
0.362911
-0.090863
-1.267613
-0.908223
1.095543
0.008415
1.483091
1.270439
-0.549983
0.329579
1.966849
0.110639
0.956811
-1.599905
-0.879291
1.965017
0.723159
1.125811
-1.847481
0.046231
-0.317489
1.875921
-0.866357
-0.743561
0.245453
1.261881
0.124343
-1.373667
0.762047
0.742441
0.548711
-1.626369
1.192995
-1.463711
2.553073
-0.613065
-0.000569
0.488261
0.669571
1.595031
0.495021
1.351753
-0.949327
0.897717
-0.574463
-0.045443
1.346025
0.533577
-0.255139
-0.960365
1.295891
-0.806199
0.121531
-0.324509
-0.633657
0.865805
-0.719769
0.409495
-0.424487
0.055501
-0.118381
0.271169
0.431931
-2.018573
0.912339
-0.312539
0.104959
1.876401
0.662841
0.817875
0.702123
-0.117511
-0.235915
-0.692775
0.530967
-0.793239
0.415677
-0.235143
-0.593591
-0.403885
-0.520199
0.491321
1.687969
0.766067
1.294791
-2.020687
1.947123
-1.609515
-0.227655
-0.979971
0.827551
-2.270831
0.258543
1.415013
-1.226917
0.113077
-1.453531
0.142143
-0.296615
-0.046567
-0.276889
-0.230963
0.148709
1.563887
0.521611
0.226607
-2.285453
-0.574655
-0.286147
0.661313
0.165411
0.136555
-0.617097
-1.189289
-0.987821
-0.373723
0.871685
-0.625767
-0.871757
-0.216115
0.380341
0.074425
-1.454855
-0.075407
-0.308227
-1.288091
-0.016909
-1.113185
-0.784937
-0.155305
-0.376895
2.500875
1.238037
-0.385483
-0.153125
0.847453
2.100741
-0.520901
0.193299
0.130517
-1.065857
0.016405
-0.000415
0.611727
-1.387811
-0.782153
-0.942663
-0.291803
-0.319639
-0.629951
-0.975385
1.064737
-0.688951
1.244625
0.810439
1.801607
-0.672145
-0.570761
0.125189
0.579569
0.038335
-0.033885
-0.380281
1.073499
-0.221863
-2.045493
1.376635
1.745085
0.172891
2.860009
-0.251995
0.221529
0.864541
-0.232113
-1.712447
0.114135
-1.125925
0.188349
1.869451
0.471435
-0.816145
0.160767
0.956867
-0.545013
-0.507045
2.013793
2.168033
0.211381
-0.432007
0.054101
-1.389143
0.869597
0.472333
0.239817
-0.826879
-0.840185
-0.978409
-0.580505
-0.850713
0.817065
1.135067
0.803649
-1.336179
-0.994427
-0.683881
0.710941
0.042799
-0.274649
1.116945
-0.432485
0.244821
0.772901
2.218187
1.688617
0.926083
0.762229
0.485757
1.002497
0.326555
0.733567
-0.262015
0.215361
-0.201763
0.847347
-0.055781
0.498041
0.891323
0.127983
-0.539437
0.219797
-0.064415
1.273835
-0.178307
-0.643595
-0.090279
-3.949519
0.407185
-1.329507
0.156817
0.465023
0.433359
0.659659
0.391983
2.096665
-0.583757
0.781579
-2.563471
-1.360649
-1.561549
1.452145
-0.790359
0.776781
-0.663013
-0.563371
0.637689
-0.536355
-0.067253
1.340591
1.425967
1.236083
-0.672433
0.682079
0.478659
-0.080031
-0.065415
-0.810757
0.016017
1.268951
0.974379
1.735863
1.928467
1.394625
-1.042011
-0.634461
-0.262449
0.743631
0.740883
0.757803
-0.114355
-0.205291
0.348641
0.377491
0.649529
0.952159
-0.606369
0.772941
-0.913811
-1.175003
0.798489
2.402273
-1.423781
-0.189291
0.999053
0.341249
1.596491
-0.175477
1.606909
0.836483
-0.312899
-0.684621
0.949059
-1.732375
-0.743463
-1.316519
1.086763
-1.711537
1.691729
0.931613
1.121739
0.030019
0.674817
2.928933
-0.208403
-0.800875
-0.243763
-1.232375
-0.352967
-1.299557
-0.827679
-0.286913
0.929091
1.277043
1.822845
0.904237
-0.209987
0.905653
0.597649
-0.104153
-0.214445
0.234509
0.262053
0.433071
2.239249
0.640563
-2.635381
0.319855
-1.125553
1.259613
0.461645
-0.444531
-0.716529
-0.121975
0.469779
-0.646959
-1.053777
0.535503
0.250189
0.498591
-1.448691
1.173215
-0.831081
-0.783255
0.620691
0.791323
1.730333
0.569407
0.644815
-0.858787
-0.787663
-2.044379
0.991011
0.708965
-0.776849
-0.201387
-0.610695
0.458911
0.977523
-1.640101
0.312879
0.341647
-0.106149
-1.229079
0.598463
-2.107959
-0.220257
0.095835
-1.268795
0.359405
-0.161697
-1.914151
-0.698355
-0.440189
0.336737
-0.316613
0.112131
0.735067
-1.412231
0.715081
-1.661919
-0.897997
-0.074441
0.988231
-0.416691
-0.336229
1.052863
0.795065
-0.587115
0.897587
0.534007
1.269631
1.128171
-0.220311
-0.907843
0.136895
0.077609
-0.382709
0.598633
1.910879
-0.721417
-1.076517
-0.713571
0.847207
0.924165
-0.250721
1.116465
0.259487
-1.766455
0.690725
-0.030807
2.025685
-0.371179
0.612463
-0.973941
1.169397
-0.494923
0.460951
-1.034843
-0.559675
1.320745
-2.010885
0.231957
1.594573
0.951525
0.171561
-0.801773
-1.875251
0.207311
0.362863
-1.014977
-1.488849
-0.502879
0.187347
-0.335541
-0.806305
-1.812287
0.696525
-1.512313
-0.596719
0.740803
-0.320731
-0.516161
-0.373379
1.841871
0.311479
0.518155
-0.394541
-1.017615
0.040139
0.164827
0.514123
0.492981
0.869331
-0.103355
0.631463
-0.987099
-0.445885
-2.242595
-0.149353
0.861409
1.499261
0.159821
0.168893
0.190783
2.250347
0.608141
-1.220307
0.027137
-0.139607
-0.063273
0.113003
0.215167
-1.042919
0.599623
0.063853
-0.398343
0.221869
-1.839009
1.334329
0.698511
0.019971
-0.229751
-0.092353
-0.984101
0.505181
-1.816203
0.503681
-0.947355
-0.672209
1.616719
0.653953
0.915715
-0.557161
-0.432641
0.400349
0.974251
-0.190871
-0.147449
-0.172733
-1.562835
-0.297213
0.369939
0.045161
-0.810295
0.636665
0.492595
0.033393
-0.339757
0.005759
-1.156575
-0.213191
0.889877
-1.893779
0.101833
-1.195491
0.621567
0.337237
0.124857
0.027027
0.544115
0.030313
0.585659
1.971161
0.539699
1.611581
-0.299709
0.332289
-0.898885
-0.028221
-0.512531
0.486909
0.525075
1.034021
-0.024417
0.843445
-0.918275
-0.126101
-0.725703
-1.986769
0.069461
1.134939
-0.415377
-0.103665
0.452681
-0.886643
0.244909
-0.366057
0.918927
-0.193969
-1.626951
1.015277
-1.086235
1.432579
1.062787
0.915881
-2.009329
1.958389
-0.596013
0.630905
-1.286269
0.950403
0.779559
-2.245635
0.832307
0.267203
-2.114701
0.118565
0.323451
-1.894883
-0.490225
0.194327
-0.465969
0.389703
0.893807
0.629931
0.634293
0.486141
-1.127561
0.687855
-0.478415
-2.724583
-1.258545
0.174843
1.194255
-0.800215
0.295323
-0.703207
1.166089
-1.348955
-0.313471
0.236993
0.855255
-0.279953
0.379583
0.833881
-1.529521
2.073475
0.232419
1.769363
-0.436375
1.097379
-0.672297
-0.068413
-0.999177
1.129949
0.567355
-1.753599
-1.461193
0.806969
-0.893193
-1.735723
-0.713211
0.475103
-0.867785
0.389145
-0.400495
-0.602513
-0.476071
-2.000421
2.056667
-0.744335
0.418413
-0.768103
1.467663
-1.540271
0.793431
-0.557803
0.388669
-0.293389
-0.910957
0.645377
-0.652045
0.084143
-1.972219
-0.576399
-0.040813
1.512893
1.847565
0.220013
1.202861
-0.397007
1.122999
-2.480697
-0.871125
-0.490285
-0.752853
0.025255
0.907565
-0.770787
0.109793
-0.870935
-0.903777
0.370957
1.246149
-0.012711
-0.584403
-1.084507
-0.380549
-0.901077
0.505021
-1.389443
-1.715157
-0.357073
-0.693421
-0.533583
0.178099
-0.294609
-0.382365
1.110833
-0.555493
1.396667
-0.465619
0.665419
0.419157
0.819789
1.505695
0.040323
0.823943
0.874531
-0.502879
0.196759
-0.459585
-1.280753
-1.561669
0.496755
-0.859603
-0.167823
0.039803
-0.459843
0.108561
2.142221
0.285485
-2.459309
2.081133
0.067783
0.367083
0.324893
-0.873093
-0.567495
-0.947545
-0.141947
1.466825
-1.061947
-0.260119
1.138027
-0.856301
0.693817
0.846363
1.120709
0.931719
-0.444971
0.178739
0.261499
-1.377111
0.862311
-1.231083
-0.208931
0.656079
-0.457671
0.411631
0.009545
0.017061
1.273079
-0.931541
-0.117981
-0.618851
-0.230365
-0.113975
1.688701
1.738229
-0.044509
-0.937721
0.481847
0.039593
1.319879
0.244609
-0.252279
0.653061
2.063035
-0.396441
-0.304653
1.785647
0.950477
-1.284123
-1.113493
-1.256829
0.790881
0.821219
0.772579
-0.305217
-0.382481
-1.081053
-0.695547
-1.299619
-1.971345
-1.169987
0.535523
0.562991
-1.348139
0.200807
1.483849
0.221497
0.226605
2.599635
0.192769
-1.517011
-0.605187
-0.316345
-0.653391
-0.711263
0.879499
2.117247
-0.598795
-1.107157
-1.698971
0.362931
0.198787
0.400623
0.088533
-0.382357
1.402449
1.171695
-1.421833
-0.947917
1.044771
-0.041555
1.712213
-1.304643
0.247333
-1.159779
-0.167125
-1.172743
-0.262085
-1.107261
0.415679
-0.197827
0.449885
-0.650027
-0.066707
0.176189
0.773745
-0.888713
-0.729175
-1.017837
0.341511
0.254931
-0.036161
-1.297885
-1.866019
-0.403483
0.789073
1.385325
-0.219433
1.485501
-0.625213
-0.688855
-0.235063
0.841735
-1.071645
0.219205
0.234695
0.884715
0.468989
0.041223
0.927889
0.409367
0.129049
-0.296417
0.689533
-0.861613
-1.136961
0.150011
0.182241
0.529491
0.272965
-0.631113
0.739185
-1.187711
-0.296837
-1.633553
-1.159015
-1.672103
-0.974921
0.820293
-0.397103
-0.582509
1.002151
-0.761469
-1.126223
0.020397
-0.635573
-0.526595
-0.569435
-1.225031
0.026795
-1.050851
2.057401
0.924511
1.319199
0.489027
-0.500063
-0.751635
0.424271
-0.982045
-0.846243
0.521529
-1.222643
-1.389445
-1.780563
-1.139917
-0.893593
-0.725349
1.024489
1.070023
-0.551069
-0.335499
-0.053463
-0.837747
0.426807
0.494873
-1.711015
0.718007
-0.746433
-2.221981
1.189407
-0.720531
0.566855
-0.899427
-1.529571
1.158629
0.358709
-1.604545
0.176819
1.529477
1.500787
1.202865
-0.359287
-0.462333
0.100641
-0.932345
1.816089
-0.983369
0.582655
2.191419
-0.990427
0.369163
0.414139
1.541177
-1.456445
0.764525
-0.873277
-0.143821
-0.008855
-1.119225
-0.005543
-0.410191
-0.299595
-0.341635
0.328437
0.598805
1.518445
0.749393
-3.011219
1.107857
0.013857
-0.200761
-0.271431
0.399493
0.095315
0.315817
-0.304417
-0.067249
1.547417
0.738135
0.725755
-0.631841
0.764105
-1.353679
0.418631
0.166523
1.331987
-0.516553
-1.558923
-1.072999
-0.066087
0.581775
-2.343005
0.681503
0.313885
-1.517793
0.282797
0.498999
-0.016333
2.657103
0.731263
0.206569
0.747423
-1.963919
-0.505099
-0.084447
1.772283
-0.216801
-1.016191
-0.795345
-0.340337
0.974533
0.237513
-0.895075
0.200791
0.905727
-1.611119
-0.082379
0.743361
-0.267753
-0.165885
-0.451447
-0.533697
1.345877
-0.519545
0.027015
0.293439
-1.033325
-0.672023
1.572705
2.143541
0.007963
1.287743
-0.024387
-2.828703
-0.595609
3.662807
1.302417
-1.960095
-1.672771
-1.568669
1.294491
-1.017611
0.087873
1.548177
-0.506823
-0.548987
-0.341087
-1.330087
1.756045
-0.137471
0.411135
-0.133719
0.211321
1.629959
0.042517
0.011465
-0.326801
0.489401
0.096633
-0.202791
-1.702033
0.855193
-1.279095
1.738295
0.202597
0.481701
0.363015
-1.233505
0.901019
-1.551181
0.343079
0.059493
-0.962385
-0.320191
0.655217
0.393383
0.439983
-1.199155
0.642505
0.251611
1.487277
-0.792545
-1.545275
0.199655
-0.350765
1.853009
-0.931459
0.892591
-0.629089
1.304347
0.161405
-1.661743
-0.048269
2.398607
0.522897
-1.184567
0.890423
-0.029163
-2.872723
-0.847659
-1.471407
-0.209045
-4.368125
-1.251855
1.918515
-0.188569
0.243459
1.378311
-0.482259
-1.847247
0.854659
0.285675
-0.746749
-0.243125
-0.622817
-0.076031
-0.833367
-0.306109
0.374009
2.200439
0.219303
-0.703101
-0.178545
0.499459
-0.793933
-0.613703
1.679503
-2.020251
-0.375537
-0.051233
-1.109735
0.488339
-0.770039
-0.591495
-1.094711
0.169969
0.474691
0.576433
0.582089
0.787719
-0.644891
-0.255783
2.764933
-1.014197
-0.853645
-1.183263
-1.010553
0.969859
-1.544441
-0.592475
0.303175
0.215503
-0.380265
1.682159
-0.362125
-0.018101
-1.051813
-0.614141
0.052383
0.196537
1.093859
-0.512315
1.680721
-2.256795
1.080641
-0.756541
1.324045
-0.654921
1.647507
-0.704731
1.292069
-1.196517
-0.338335
0.036773
-2.126189
-0.220593
-0.446829
-0.580083
0.209625
0.939483
1.476423
1.521333
1.137719
-1.228701
1.381869
0.039585
1.056073
-1.110441
-1.097411
0.350623
-1.063177
0.539471
0.325785
1.127735
1.110271
-0.639721
0.281761
-1.970921
0.069923
1.737477
-0.339373
1.500173
0.125527
1.777965
-0.535621
0.611817
0.195715
-0.110487
-0.888505
-0.948403
0.743197
0.143525
0.121825
-0.427835
-1.944617
-0.049497
0.717765
1.912037
-0.037545
0.961235
0.787083
-1.092415
-1.892147
-0.342547
1.071895
-0.351437
0.613269
0.378227
-0.433183
-0.395979
-0.706983
-1.101457
0.885303
-0.395195
-1.272047
1.331949
-0.860879
0.056813
-0.731831
0.038443
-0.827093
-0.903233
-1.505689
0.003651
2.078507
0.006117
0.068785
-0.376195
-0.346113
-0.448645
-0.592831
0.286953
-0.121177
2.561811
-0.009491
1.128881
1.497547
0.929217
-0.136359
-1.764673
-0.611767
0.545957
-1.035437
1.735791
1.109265
0.283145
1.526067
0.901883
1.395731
1.637049
-1.811807
-0.299937
-0.945483
-0.604129
-0.569579
-0.558169
0.109799
-0.734467
-2.882641
-1.080841
-1.856939
-1.231657
0.291891
-0.852779
-1.031825
-1.001209
0.281223
0.123937
-0.299559
0.240163
-0.118369
0.495833
0.612667
-0.507527
-1.070239
1.271047
-1.240939
0.333359
1.858369
0.254413
-1.117237
0.328657
-1.135717
1.455009
1.240829
-1.883075
0.271327
0.480761
-1.764439
0.255353
-0.729437
0.866659
-0.965013
-0.526975
-1.488465
-0.993637
-0.038143
0.888471
0.476823
-0.018251
-1.074313
0.073055
1.324827
-0.164387
-0.737113
-0.073483
-0.678417
0.880651
-0.775061
-0.554843
0.393309
-0.811023
-0.753089
-0.475559
-1.332471
-0.336047
-2.413231
1.150851
1.088421
-0.847525
0.499337
-0.011671
-0.650573
0.048705
1.618023
-1.239121
-0.579027
0.168381
-0.844875
-1.207101
1.292321
1.037111
0.280673
-2.462863
0.945597
-0.756321
-2.061537
1.052111
1.228241
0.364853
0.363953
-2.664125
1.107231
-0.720071
-1.315317
-0.678595
1.086065
-0.127411
0.046711
0.240167
-0.035765
0.687419
-2.543373
-0.641817
-0.968685
1.125677
0.134681
0.937639
1.967843
0.016285
0.496319
0.303659
0.494703
-1.937951
-0.609347
-0.909451
-0.199603
2.508925
-0.724709
-1.090957
-0.198053
-0.870517
-1.268895
-0.409535
-0.174457
0.468481
-0.096825
-0.493751
0.338633
-0.280247
0.699457
-0.064487
-0.195247
0.367233
0.166699
-1.477593
-0.169191
-0.086447
0.261273
0.294737
-0.062313
1.914591
-0.734243
-1.029451
0.037133
-0.173653
2.029921
2.362419
-0.187777
0.904069
0.439393
0.089259
-0.852531
-0.514555
0.779947
1.541237
-0.860555
-1.876497
-1.055961
-0.518143
0.615553
-0.432339
-0.030357
2.261817
0.721721
-0.138619
-1.909129
0.411331
0.403959
-0.965057
-1.227961
-0.679361
0.766191
0.069099
-0.140803
0.069803
-1.018833
0.390151
0.237813
-1.065245
0.973889
1.356765
0.259127
0.545791
-0.843183
-1.525447
-0.030449
-0.305631
0.524903
1.011357
-0.229937
-0.668111
1.284927
-0.719091
-0.935157
0.726273
1.431731
0.893101
0.148197
0.122751
-0.034379
-1.736871
0.081713
0.780485
0.236551
1.375557
-1.001597
-1.782319
0.578511
0.026833
-0.235329
-1.567083
-2.289975
-1.487157
-1.566015
-1.226463
1.997521
-0.295873
-0.703753
-2.072259
-0.354185
-0.205263
0.918135
1.558647
-0.482843
0.110263
-0.429491
1.262243
0.373617
0.076415
-0.332857
-0.752527
-1.022785
1.362571
-1.678745
-0.766767
0.273733
-0.751061
0.170649
-0.903155
-0.210237
-0.901761
0.340433
0.773043
0.513673
-1.766107
-0.688073
0.098791
0.959741
-0.093329
0.374165
1.808819
0.611337
1.331637
-0.426439
0.177581
1.812841
1.795849
0.232675
0.360453
-1.929989
-0.007897
0.135271
0.671503
-0.552803
-0.286497
-0.006273
-0.145357
-0.518109
1.460237
-2.440311
-0.472611
0.684961
2.128827
-0.179847
-1.316113
-2.533621
1.117537
-0.118701
-0.066427
-0.153193
-0.398815
0.448197
-2.055705
0.130693
-0.487397
-0.234145
0.780667
-0.010883
0.099011
-0.538925
0.139203
1.096323
-0.321197
-0.428959
-1.027085
1.109093
2.256737
-1.225737
-0.600601
-2.183685
0.201863
1.128229
0.304973
-1.320095
0.856013
1.338417
2.030821
0.699407
-0.813383
1.033685
-0.945547
2.608885
0.424791
-0.394765
0.747069
-0.735335
0.140059
0.124077
-0.484429
-1.344825
0.140157
-0.846093
-0.256101
1.473853
-1.111723
-0.013185
-1.284385
-0.351303
0.189835
0.691651
-0.323499
0.469253
-1.226949
-0.143153
1.438723
0.132739
1.432939
0.585605
0.430241
0.523223
-1.959345
0.788125
-0.647197
1.073955
-1.115523
0.806749
-1.173911
-0.096759
0.675661
0.011857
-2.436831
0.029401
0.274939
-2.120691
-0.581345
-0.166359
-0.889887
1.528995
1.459273
0.768575
-0.170549
-0.014233
-1.456313
-1.402649
0.321239
1.598419
-1.769337
0.547043
-0.174937
0.022805
-0.248227
-1.411623
-0.617955
-0.339325
-0.683199
-0.326143
1.127539
-0.938461
-0.044371
-1.304825
-1.445259
1.695759
-0.641959
-0.281731
-0.861725
0.281911
2.255003
-0.851401
0.188879
-0.115293
-0.954359
-0.339679
-2.999001
0.713791
-0.400039
-1.295659
-0.088379
0.501615
1.785935
-0.770767
0.376279
-0.927303
1.306183
0.882329
1.029389
-0.686663
-2.316423
0.170841
-0.105225
-0.628797
0.031465
-0.134575
1.278085
-1.617209
-0.328023
1.364263
0.068677
0.333685
-1.828537
1.973623
-1.515559
-0.376007
0.104341
1.027415
-0.127195
1.763771
-0.110087
1.072597
-2.084535
1.115977
1.024023
-2.477755
-1.255329
-0.376091
-2.403065
0.323551
0.405509
0.655953
0.357309
-0.652587
0.249849
-0.036915
-1.728435
-1.067373
0.685811
-0.020673
1.299035
-0.537319
1.139675
1.852125
-1.221229
0.180791
-1.088715
0.579557
-0.124667
0.755899
1.138465
0.617605
0.542543
-0.225411
0.921977
0.890057
1.006177
0.061171
-0.249995
0.220099
-0.146649
0.631933
0.641895
-0.608489
1.743837
0.647479
0.486359
-0.187839
-0.218529
1.013255
-1.794577
-1.208341
1.227621
0.480489
-0.222281
-0.560207
1.108613
-0.677123
0.530357
0.416819
-0.198231
-2.074497
0.287579
-0.044635
-0.453953
-1.150165
0.038771
-0.240951
-0.188131
-0.044565
0.808859
-0.430479
1.058137
-1.643903
-2.880175
-0.252615
0.143233
0.277543
0.923029
-0.180413
-0.355455
-0.184441
0.833043
-1.285365
-0.039389
-0.060145
-0.064165
0.173803
-2.219877
-1.395623
-0.447967
-0.304297
-0.701917
0.348055
1.583695
-0.864145
-0.167135
-1.557683
0.282161
0.232557
1.112103
1.203923
0.836787
0.897441
-1.623069
0.825469
-1.365525
-1.067201
-0.236379
-0.787245
-1.422187
-0.494063
0.753667
0.276057
-0.733887
1.888513
0.136949
1.205391
0.157887
0.708661
0.345723
-0.768645
-0.757631
-0.210189
-0.001403
-1.260465
0.656471
-0.151899
1.447269
0.777561
-1.180379
0.754701
0.945789
-1.674043
1.729069
0.900373
-0.926923
0.154921
-1.166631
-1.434083
0.099007
-0.619801
-1.053029
0.199293
2.020243
0.358871
-1.408943
1.377475
-1.060541
0.713315
1.123139
0.024447
-0.217443
1.707735
-1.098461
0.770855
0.837453
1.685107
-1.033503
0.136553
-0.634733
1.345311
0.736501
-0.222769
-1.320577
-0.113303
-0.187335
0.623199
0.380223
0.812035
0.425651
0.308757
-0.537203
0.125831
2.172909
0.479959
-0.716471
0.672385
-2.367251
0.246601
-0.331817
0.934221
-0.894935
-0.809689
0.425697
1.286419
0.291285
-0.507769
0.582007
-0.449057
0.747905
-0.087117
-1.127171
-1.076791
-0.811937
0.915843
1.056893
-0.591733
0.799697
1.132201
0.478043
0.801931
0.659211
-0.724973
0.767201
0.174371
0.744645
1.407293
2.111259
2.022857
1.354601
0.895357
0.515515
1.099605
-0.204791
1.345039
-1.848211
0.331551
-0.010691
0.956627
-0.619725
0.165705
0.009139
0.772503
-2.952069
0.065039
-0.557981
0.331127
0.875791
-1.527685
0.871063
-0.222853
0.107013
0.431353
0.004005
-0.363167
1.632211
0.023837
-0.458339
0.322807
1.437211
1.642451
-0.055371
-0.171451
0.073525
-1.662545
-1.138055
0.563897
-0.605409
-1.106133
0.705435
0.800101
1.022625
-0.120173
0.479285
-0.801503
-0.411639
-0.109681
0.179527
0.854509
1.398983
-0.980507
0.183649
2.450409
-1.357145
-0.281815
0.385767
-0.407913
-0.155477
-0.811815
-0.231535
0.890235
0.359247
-0.161695
-1.644893
-0.572047
-0.750113
-0.348809
-0.513921
0.032321
-0.887583
-0.414435
-0.682925
0.983493
0.829133
0.088249
-0.110009
-0.292487
2.184757
-1.381605
-0.968627
-1.223241
-0.907457
-0.619125
1.216567
0.145363
0.676297
1.280867
-0.571753
1.286947
-0.980587
-0.708015
0.662473
0.884743
0.880565
0.959659
-1.183781
-0.172147
1.470155
0.643819
0.723613
-0.776261
-0.420237
0.222871
0.204147
1.116351
-0.860413
0.473833
0.216129
-0.132003
2.491753
-0.916175
0.505271
0.174981
0.846485
-0.153507
-0.604097
-0.087519
-0.141873
-0.187173
0.819247
-0.425201
-1.011775
1.375367
0.424593
-1.105579
0.766515
-1.053615
-0.448037
1.673133
0.107421
-0.295733
-1.104167
1.425345
-0.306721
0.612821
-1.000977
0.134555
2.194235
1.108535
1.821571
-0.868325
-0.952363
1.105623
-0.289027
-0.754775
0.872263
1.392237
-1.372223
0.117909
-0.641611
-0.580203
1.299903
0.828447
-0.601445
-0.546963
-1.681807
-0.772627
-0.290005
1.492053
0.746243
-1.811925
-0.744557
0.085089
-0.415029
0.250341
0.475483
-0.092905
-0.061925
0.146487
-0.804915
0.750105
0.275935
-0.132767
1.347451
0.168997
-0.634115
-0.541649
0.725327
-1.563133
0.818453
0.087907
-0.961327
0.989313
0.813465
0.130915
0.825927
-0.617863
1.158701
1.192155
-0.521371
0.947985
-0.120035
0.256379
1.219487
1.188691
1.118109
0.016913
1.330531
-0.589073
0.768443
0.740881
0.717805
-0.929585
1.794177
-0.378133
-0.644653
0.519763
0.736223
2.592081
0.965701
0.259409
0.103635
-1.107305
0.006693
-0.287755
-0.255903
-0.783335
-0.416427
2.308967
2.193033
-1.080463
-0.143773
0.912155
0.166365
1.084049
1.593021
1.329807
-0.605195
-0.452983
2.695883
-2.532779
-1.304789
-0.932815
1.421917
-1.777851
1.094501
0.439097
0.594485
0.519295
-1.913455
2.369821
-0.137073
-0.514843
-1.307699
1.089201
-1.335479
-1.374391
1.217789
-0.083647
-0.527677
2.015049
-1.327729
-0.005843
-0.442649
0.448313
0.609809
-0.248827
-0.924547
1.589171
0.319375
-1.448227
1.878493
-1.020369
0.067503
0.767727
-0.855059
0.087723
1.525313
-0.713375
0.938355
-1.502641
-1.323419
0.002395
0.180473
-1.700947
0.047735
-0.130129
-0.141459
-0.923829
-1.379885
0.286665
0.240327
0.057731
-0.310955
0.434609
-0.323837
0.094631
-1.525821
0.541351
0.047053
1.191123
1.275003
1.310639
0.017575
-0.402461
-1.225851
1.377827
-1.588555
0.117613
-0.557917
2.537611
-0.815895
0.706621
2.225839
-0.525685
0.260537
1.044707
-0.707351
-0.798951
0.733087
1.549057
-1.356561
1.642703
1.377865
-1.015133
-0.131903
0.387843
-0.676421
-0.123905
1.003261
0.597837
0.018309
-0.619061
-0.707875
-0.067887
0.450805
0.962709
3.836079
1.639551
-0.202861
0.218271
-0.061473
0.222885
0.441295
-1.242229
0.335365
0.481309
-0.515243
0.671767
0.528847
1.078795
-0.477623
0.636591
-0.572039
-0.595137
0.404475
-0.384329
0.339207
-2.001365
-1.149019
-0.031901
0.381111
-0.451117
-0.534995
-0.335077
-1.037067
0.187411
0.786205
0.893785
0.339109
-0.228177
0.653849
-0.654273
-0.091979
0.411795
0.019175
-1.478291
1.078303
-0.059423
-0.495905
1.032507
0.099321
-0.362007
-0.743599
-0.231355
2.442995
0.242339
0.316521
1.140571
-1.228021
-1.536415
0.538871
-1.065621
-0.239205
0.836785
0.846429
-0.922631
-0.442167
0.269193
1.189063
-1.298043
0.176989
-1.589095
0.054223
1.229225
0.649691
0.551047
0.035441
-1.370587
0.958865
0.692803
-0.107673
1.624351
0.020117
-0.308535
-1.142139
-0.208145
1.300469
-0.181081
1.694369
-1.677497
-0.618843
-0.123111
-1.136235
-1.221253
-0.008461
0.738803
-0.936077
0.789459
0.870433
0.053229
-0.692217
0.362711
-0.830165
0.186585
-0.401993
-2.659569
0.674369
0.286497
0.039593
1.334313
0.569953
1.080481
0.335647
-0.064083
-1.133787
0.609559
-2.128193
-2.184331
-0.912007
-1.276543
0.066227
-0.739097
-0.415925
-1.366361
1.543617
-1.629397
-0.030627
-0.895987
-0.040749
-0.364977
0.219013
-0.407741
-0.008999
-0.955319
-0.545071
2.061393
-1.839365
-0.076681
1.073449
-0.757807
0.087931
-0.465769
1.047419
0.711869
-0.385593
0.723123
0.490411
0.103099
0.157077
-0.275353
-0.469073
2.334231
-0.178461
-0.679411
0.050889
0.171789
0.568095
-0.661715
-0.591583
0.339391
-0.871961
-0.055743
1.576925
-0.940449
1.327121
0.920857
1.314237
0.539123
0.269455
0.202843
-0.521317
-1.068479
0.158285
-0.255283
-0.729603
1.690505
1.083071
-0.521401
0.379511
-0.387199
0.719121
2.614061
0.883375
0.263647
3.183771
0.785267
-0.868215
0.453781
1.009703
0.675093
-0.045393
-0.684819
0.768479
1.720345
0.246875
-1.074701
-1.534083
0.037895
0.077697
1.623001
-1.359313
0.281903
1.490363
-1.701771
-0.776165
0.886821
-0.770955
0.565317
-0.260795
-0.036925
2.029195
-0.332183
0.018609
-0.619211
-0.238121
1.066813
-1.132811
-0.946287
0.955793
0.614865
0.023489
2.324049
1.270913
0.550667
-0.439309
2.392011
-0.883625
-0.609579
1.229707
-0.634917
1.259355
1.253865
-0.908395
-1.260651
-0.905635
-0.339301
-0.256115
0.984513
-2.238393
0.615417
0.193969
1.785695
1.242337
0.556239
-0.296595
0.270947
-0.733309
1.547411
0.700753
-0.601001
0.733315
-1.263227
-0.286329
0.184767
-0.349127
-0.528521
-1.574193
-1.144263
-2.323363
-0.221963
-0.332869
-1.019471
-1.225687
-0.165661
0.855233
-0.561285
0.486483
-0.959899
1.146427
0.062783
-0.851717
-1.278637
-0.486593
-0.861385
-0.892747
-1.674333
-0.052343
0.534219
-1.120431
-0.940483
0.728185
0.750659
-0.230321
0.665149
-0.819935
-0.321933
0.388503
-0.363317
-3.487145
-1.266579
-0.546433
-1.224709
0.067743
-0.303495
-0.315725
-0.802193
2.534201
-0.554533
-0.180735
-0.704571
0.634079
0.032893
-2.273851
-1.473969
0.275797
0.119291
-0.104225
1.513049
-0.517261
1.311671
-0.159155
1.066827
-0.898481
-0.525821
0.868975
0.928473
-0.822813
0.271131
-0.201067
-0.325953
-1.459707
-0.767623
-0.453023
0.670205
-0.424927
0.958257
-0.898611
0.573459
0.912481
-2.448045
0.533007
-1.365615
1.334017
1.284707
0.237883
0.263561
-0.153091
-2.075557
0.794489
-0.097877
-0.551047
-0.004753
0.358053
1.518351
0.184073
0.809309
0.010823
-1.477623
-0.343585
-0.544991
-0.145569
1.247915
1.546877
0.453481
-1.976341
-0.396179
-3.739467
0.124921
1.468147
-0.972291
0.743043
0.750247
-0.446983
-0.381271
0.471761
-0.991929
-0.062663
0.331497
-1.014177
-0.585373
0.407493
2.400639
-0.087889
1.758755
-0.452235
0.041173
-0.004279
0.897553
0.129571
1.053869
0.414531
-0.379505
0.507729
-1.554911
-1.046593
-0.129075
-0.123651
0.095309
0.243099
0.201197
-0.010469
-0.495713
2.236797
-0.265101
0.244901
-0.513655
-1.435805
-0.210147
0.721579
0.549351
0.650269
1.013149
0.264671
0.311173
0.653355
0.184599
-0.646913
-0.259923
-1.060229
1.678621
0.197687
-0.207481
-0.651813
0.818721
0.911395
-0.822437
-0.245431
-0.632695
-1.385755
-0.030053
-1.856203
2.375725
0.905387
0.100483
-1.219919
0.664761
-1.135267
0.031453
-0.329545
-0.692357
1.313567
0.882225
-0.299593
-0.301185
-0.916513
-0.839589
1.918991
1.486605
0.592935
2.041447
0.590715
-0.043113
0.054471
0.131481
0.138871
0.396351
-1.456715
-1.031841
-1.327951
1.176379
0.990579
2.390623
0.398037
0.063855
-0.349843
0.780305
0.533697
-1.295895
0.792803
-0.810273
1.023579
-0.685921
1.561087
-0.992777
-2.459411
1.621033
0.117711
1.550093
-0.930333
0.531243
0.913165
-1.838041
-1.249653
0.603487
-1.079397
-0.162603
-1.844555
-1.355991
-0.065901
1.684783
0.314315
0.845983
-1.356923
2.100305
2.021093
-0.306003
-0.464429
1.328551
0.815011
2.610595
-1.693995
0.139055
1.183675
-0.766857
-1.004711
-0.226411
-0.577189
2.650491
-0.107657
-1.615959
0.355715
-0.753487
-0.519313
1.149201
-1.025081
0.848367
-0.660625
-1.040691
-0.227757
-0.035263
-1.161091
1.618083
-0.789417
-0.250023
-0.241419
-0.318379
-0.562209
-0.267861
0.636445
-0.029937
0.848867
0.248279
-0.609167
-0.918211
0.602533
0.858939
-0.013831
0.746457
-1.176907
-0.272447
-1.296039
-0.338235
-1.051845
-1.073087
-1.075265
1.572637
1.039161
0.319743
-0.230599
1.451103
0.771113
-1.359337
0.120087
0.720191
0.078845
0.302883
0.573865
-1.150653
0.949415
0.162481
-0.966907
-0.429869
0.229089
-0.771455
-0.763045
-0.718901
-1.018295
0.840143
0.360397
0.433179
0.383425
0.700851
0.808833
-0.811749
0.590815
-1.593501
-0.863321
-0.710909
0.397709
-0.012593
-1.491351
0.778961
-1.604079
-0.169595
0.826689
1.320203
0.014975
1.325849
-0.579481
2.866333
-1.259237
-0.082477
-1.155591
0.839419
-0.744655
-1.811643
0.238603
-0.544117
-0.028155
0.668861
-1.076115
0.662629
0.406799
0.533945
0.112389
-0.023159
-0.726189
0.030279
-0.004037
-0.162221
0.142735
-0.488291
-1.403263
-1.354533
-0.314409
0.286595
-1.026843
0.934421
-1.628993
-0.820153
-0.443471
0.449329
1.230377
-0.343987
0.703011
-1.225717
-0.421135
-1.411211
-0.552573
0.533327
1.605591
-0.345033
-1.041287
-1.381819
0.293249
1.472593
-0.588307
-1.352681
-0.398229
-0.529133
-0.049451
-1.462813
-1.540665
2.018287
1.495657
0.498573
1.866899
0.505131
0.635303
-0.739261
0.008937
-0.187933
0.784127
0.198663
0.955529
0.285681
-0.647475
-0.396419
0.021611
-0.270415
-0.763049
-0.807073
-0.470949
0.586733
-1.812793
-1.267953
-0.972539
0.629339
-0.039839
-0.121013
-1.345445
1.136115
-0.064247
-1.943583
0.067375
1.387427
0.859563
-0.276147
-0.855487
0.099157
-0.604615
0.179501
0.348941
0.087873
1.597715
0.592787
-1.035539
0.143533
0.279657
-0.106627
1.468631
-0.620845
-0.328999
0.563859
-1.594001
-0.677143
0.258973
0.562953
1.150835
0.873235
-0.326171
0.487773
1.025557
-1.305909
1.979853
2.161543
-0.240763
0.389789
-0.387957
-1.598149
-0.073527
1.715033
-0.122507
-1.077475
0.357337
-0.163661
-1.865919
-0.096621
0.421363
-0.425009
-0.458213
-0.304391
0.370311
1.055429
0.408723
0.182085
0.462485
-0.290713
-0.313167
0.108997
1.238263
-1.603263
1.595393
-0.331029
0.963865
1.159437
-0.235903
-0.467435
0.952577
-1.627527
0.898557
-1.619697
1.111137
-0.269797
-0.785679
0.798669
1.113367
-0.132433
-1.152223
-0.254069
-1.193793
-0.493465
-0.457567
-0.566051
-0.196129
1.006435
0.178045
-1.873435
0.480603
-1.374837
0.596017
-0.529143
-0.173955
2.293167
-0.046759
-1.245697
1.285729
0.230655
-0.133685
0.874057
-1.116337
1.082799
-0.553471
0.110695
-0.810103
0.441913
1.087805
1.353927
-2.644139
0.931607
0.993529
-1.360743
0.872823
-0.046625
3.108163
-0.915053
0.371911
1.127917
0.026785
-1.377253
-0.150553
1.025871
-0.420539
0.636581
-0.728455
1.067571
-2.777335
-1.580319
-0.570729
0.630831
0.488775
0.877351
-0.890415
0.142795
0.547339
-1.111467
-0.193279
0.212695
1.712311
-0.680689
0.580495
0.694939
0.560551
-1.155045
0.464409
1.973147
0.274899
0.688001
-1.384471
0.791563
-1.096475
-1.462689
-0.402369
0.465851
0.410289
-0.735021
-0.950585
-0.126603
1.259311
0.713453
0.230007
-0.790617
0.034787
0.550091
-2.599963
-0.387219
0.363161
-1.838907
-1.820027
0.779523
0.989787
0.631541
0.230005
-0.832891
0.332657
0.051715
-1.299087
0.151169
-0.658777
-1.206517
0.820611
1.139417
-1.515111
-0.501707
-0.011081
-0.819795
-1.711085
0.399093
-1.541007
-0.587203
-0.459799
0.913653
-0.883075
0.737119
0.169167
-0.268545
-0.470463
0.378543
-0.513139
-1.229155
-0.031925
-0.051331
-0.056657
0.924025
0.777731
1.842991
2.767067
-0.082263
0.140739
-1.574325
1.115463
-2.955739
-0.798377
0.174485
0.061365
0.520499
-1.404451
-1.207895
-0.428749
-0.167709
-0.643615
-0.365799
-0.176387
1.511377
0.607047
-2.077319
-0.204803
0.985961
2.508151
-2.270115
1.835837
-0.990977
-0.291839
-1.058279
-0.203151
0.473607
-0.748659
0.593605
0.690313
-0.484719
-0.363959
1.995629
0.400871
-1.515273
1.810305
0.434875
-2.810453
0.185673
-0.423397
-0.825007
-1.151191
1.836141
0.102693
1.081207
-0.414073
-0.075485
1.076547
1.200975
-0.805813
-0.187453
1.620201
-1.695699
0.985845
0.037031
0.649705
0.794551
0.723037
-0.693935
0.221737
-0.994765
1.120195
2.141443
-1.367391
-0.759391
0.166133
-0.424519
-0.428571
0.051655
0.525019
0.037569
-0.373411
0.714923
-0.757083
-0.935743
-0.731811
0.302447
1.424703
0.912293
-0.943477
1.179691
1.517003
0.566681
-0.869945
0.605719
0.286809
0.063513
-1.421511
1.757619
0.531631
-1.416063
-0.493101
-0.019353
0.671613
1.170045
0.003013
0.548447
0.065819
0.031413
-1.262905
-0.353137
-1.937299
1.547367
0.436323
0.930463
1.104927
1.047189
1.108981
0.215745
1.537091
0.501199
0.025963
0.166359
0.949445
0.500939
1.899197
-0.059731
-0.700701
-2.157089
-0.002285
-0.909433
-0.013625
-0.997979
0.665745
-0.224105
-0.359775
-0.659367
1.500147
-0.013403
0.379445
1.593795
-0.341169
0.194355
0.023463
0.903693
2.419913
0.106007
1.662089
-1.246425
0.406241
-0.656535
-0.744455
-1.579615
0.358989
0.895077
-0.140589
1.672743
1.264179
-0.022999
-0.476787
0.637605
0.949415
0.153681
1.256625
0.254611
-0.231169
-0.826245
-0.759425
-0.265439
-0.209065
1.132453
0.180887
0.759213
0.120219
0.360207
-0.062081
0.062615
-1.510229
0.632123
0.784697
-0.291233
-1.711799
0.122351
0.944813
1.104657
1.131041
0.203767
-0.341549
-0.969413
0.914883
0.305061
0.395327
0.600145
-0.125053
-0.839987
-1.297993
0.568369
0.917187
0.759205
0.011149
-0.632229
0.368469
-0.495901
1.131897
0.273221
1.413785
-1.401167
-0.399137
0.458161
-0.499813
0.528899
-0.961555
1.166923
1.415773
2.025617
-0.534381
1.501583
0.289539
-1.368431
-0.023785
-1.687353
-0.766599
-0.138951
0.934861
1.706725
0.148761
-0.574033
1.456005
-0.812907
-1.070683
-0.773787
0.304003
1.225749
0.741637
0.299701
-0.446151
-0.239347
1.106911
-1.436359
-1.334877
0.634923
-1.059805
0.189865
1.584137
-1.723847
-1.432499
-0.399561
-1.696511
0.109255
0.283301
1.501807
-1.282155
1.436313
0.852365
1.444563
-0.244899
0.569287
-1.550473
-1.549279
-0.076655
-1.770207
-0.028063
-0.337795
1.516653
1.955397
-0.468635
0.314313
0.812859
0.349573
0.056625
1.945739
0.405425
-0.748683
0.241965
-0.872745
1.163481
-0.779861
0.008297
-1.078831
0.140997
0.754421
-0.209925
-0.736299
0.332299
-0.698587
-1.256223
0.328715
-0.012867
-0.723017
1.125077
-0.201437
1.555743
0.051859
-1.498239
0.436931
0.087103
0.833295
-0.544225
1.097921
-0.690145
0.226497
-0.567807
-0.277709
-1.145325
-0.483401
-0.784723
-0.020973
1.239903
-1.000583
-1.016253
1.746707
1.530707
-0.026371
0.540421
-1.149459
1.737035
0.562253
1.142343
-0.520055
0.064261
-1.421125
1.292559
0.104253
-0.630723
1.367325
0.265081
-0.570469
-0.781453
0.342169
0.715389
0.382599
0.275157
-0.184327
0.125565
-0.767071
-1.336277
1.222033
2.233853
0.746935
0.134013
-0.296981
-1.133649
-0.797377
-0.134305
0.496407
-1.103127
0.566449
1.084795
0.607799
-0.789775
0.362959
0.718279
0.333203
2.010803
-0.422265
-1.062983
-0.133257
0.379197
-0.286843
-0.620657
-0.234827
-0.402501
1.107895
0.376891
2.452027
0.319031
1.158243
-0.483769
-1.929501
-2.502029
0.738775
-1.849287
-0.457977
0.890963
1.428495
-2.265251
-0.099841
-0.917707
1.660761
1.109739
-0.434461
0.115965
-0.488931
-0.611745
0.973413
1.459123
-0.162851
-0.260501
-0.257863
-0.006867
-0.081381
-0.146233
-0.004525
-0.986723
1.167143
0.450047
-0.726105
1.603435
-0.314753
-0.216339
-0.886931
-0.553525
-0.740165
1.221625
0.505149
0.997373
0.812521
-2.573821
0.061465
-0.314461
-0.589049
1.361793
2.155301
-0.440431
-0.988271
0.007639
0.607873
0.324489
0.334013
-1.178271
0.927863
0.123389
0.624535
-2.078911
-0.890287
-1.107933
-0.754785
0.702703
-0.013413
0.175547
0.099663
0.378165
1.700531
0.948233
0.023677
-0.669009
-1.418561
-0.926319
-0.849729
-0.280693
1.191469
-1.758631
1.056253
0.937589
0.700513
-2.108409
-1.363125
-0.020947
-1.467761
0.580769
-0.488491
1.264731
-1.025051
1.399401
-0.783577
-1.084113
0.928763
-0.074715
-2.444595
1.097125
-0.456955
2.026251
1.006731
0.739597
-0.765771
0.199717
0.726589
0.143869
0.953057
-1.279209
0.307659
-0.584729
-0.551407
-0.215589
-1.299975
2.932899
0.772373
-0.365613
0.248909
-0.333135
-0.079881
-0.060249
0.775559
-0.880027
0.321439
-0.768567
0.297837
-0.311835
-1.735517
0.108803
0.259861
-0.079089
0.725947
-0.675521
-0.673047
-0.079337
-1.212677
1.397449
-0.547361
0.669031
-1.725543
0.015945
-0.224405
-0.269291
-0.032503
0.283753
1.014467
1.248127
0.235757
0.627301
-0.605293
0.781217
-0.777059
-0.312161
1.812373
-0.365543
-1.704237
-0.411419
0.894911
0.499523
0.243123
0.619437
1.044775
0.004323
-0.020255
0.528001
1.416485
0.621517
-0.357889
-1.222485
0.207873
-0.442435
1.929553
-1.650233
-1.482667
-1.599845
-0.515785
0.159165
-0.773845
-0.427965
-0.734549
0.202327
1.345647
0.475599
-0.993725
-1.152517
-0.275297
0.471859
0.657117
1.482813
-0.595691
0.094869
0.384039
0.190545
-0.186321
-0.214365
-1.205667
0.116069
-2.619867
1.410587
-0.961393
0.155657
2.172201
-0.719945
0.686845
1.792499
-1.277581
-0.138613
-1.495655
-0.463249
-2.106745
-0.531115
1.533523
-0.443301
0.544551
-1.823687
-1.197847
-2.235323
-0.209421
0.062439
1.201379
0.056471
1.598591
-0.361023
-0.211131
-0.485109
-1.894913
-0.590599
-0.915301
0.113279
-0.206913
2.122413
1.522247
0.841089
-1.256219
0.357493
-0.223359
-0.716001
-0.904541
-0.715119
0.708459
0.210557
1.529575
-1.099161
-0.789259
-0.911431
0.374505
-1.347223
-1.569371
0.067815
1.082345
0.228101
0.747533
0.197419
0.410069
1.149071
0.521973
0.562791
1.629787
-0.811759
0.466519
0.459115
-1.436209
-0.119869
0.539999
0.486623
2.469421
-0.600751
-0.957961
-1.412601
1.035803
-0.048509
-0.305973
0.047499
1.116559
1.546093
-1.376623
-1.452203
0.395967
0.522045
-1.112421
2.008291
-1.282001
-0.307047
0.379127
1.658883
0.496657
0.291043
0.672803
-0.684889
-0.232877
-1.505039
1.311913
-1.150345
1.256051
1.035073
0.295403
0.706707
-0.157597
-0.963201
1.502087
0.548609
-0.096857
-1.314295
-1.085429
1.438875
1.380735
0.230751
-1.425995
-1.666393
0.446091
-0.702055
1.359603
-0.965603
0.907909
0.668033
0.508901
1.908943
-1.080969
0.140231
0.497991
0.055143
-1.569041
-0.939755
1.323227
1.862765
0.924853
-0.238603
0.594689
1.002969
0.097051
-0.771683
-1.407983
-0.522637
-0.205765
0.067017
0.067629
0.287057
-1.152901
-1.535767
-1.745227
-0.754365
1.151475
-2.003639
-1.463493
-0.005469
0.971365
-0.342635
-0.512077
-0.374201
0.957079
-0.884981
-1.153169
-1.093177
-0.766761
0.335535
0.707709
0.448085
-0.401113
-0.131159
0.237499
-1.302365
-1.143307
-0.410957
0.413081
-0.159975
-0.190703
0.111027
-0.198933
-0.240437
0.749565
1.153805
-1.580849
-0.625699
0.163867
-0.397779
-1.345161
0.371207
-0.092159
-0.124035
1.906139
-1.327157
-1.382755
-0.840673
1.114029
0.963033
-0.327303
-0.004155
0.395275
-0.238971
-0.471721
-1.295989
0.024309
-0.055037
0.432885
1.043205
-0.261567
-0.018597
0.894657
0.139511
1.349833
2.987121
-0.428233
0.229759
0.258749
-0.651899
-0.462341
-0.041671
-0.899083
0.265693
-0.698261
0.920339
0.322555
-0.460055
-0.615467
-1.002077
-1.351097
0.253563
0.269187
1.025021
1.850515
-0.966403
-0.116517
-2.043503
0.169945
0.089993
-1.314717
1.578937
-1.580051
0.840805
0.708831
0.055623
-0.621777
-0.772549
0.763983
-0.055955
0.073707
-0.632437
-0.002177
1.331369
0.234727
-1.945375
0.561629
-0.525605
-1.477469
0.558473
-0.809027
1.105513
2.300995
-0.725855
-0.707237
0.868475
0.081339
-0.582479
-2.132215
-0.752567
1.660465
-0.335747
1.269651
1.518549
2.367781
0.302093
0.389081
1.637633
-1.537943
0.150715
-0.718527
-1.310041
-0.848865
-0.185167
-2.043063
1.495959
-0.379593
-1.037091
-0.062003
-1.729277
1.142245
1.713255
0.546379
0.242835
1.079445
0.679221
-0.039007
-1.820273
-0.081877
-1.145765
0.768441
0.723617
-0.710717
0.395901
-0.547353
0.842747
1.281801
-1.782193
1.243991
0.949233
0.787769
0.013643
1.943997
1.250289
-0.720397
-0.235045
1.345593
0.083265
-1.004083
1.652605
-3.083849
-0.946657
-0.690931
-0.156357
-0.299435
-0.277987
-0.463913
-2.148483
-0.896237
-0.364577
-1.309281
-0.359157
-1.095259
0.112011
2.030699
0.397785
1.768345
1.304381
0.411505
0.613001
-1.015561
0.624747
-0.881053
1.673463
-1.359395
-0.279407
-0.941359
2.542391
-0.049023
1.497441
0.237811
-1.140377
0.198457
-0.061513
-0.476929
1.214415
0.438973
1.969447
-1.598911
-1.675311
1.105307
-0.699097
-0.186735
0.493825
0.906787
0.734027
0.674333
-0.202665
1.141511
-0.272895
-0.867473
-1.337125
0.164121
-1.961599
0.182669
0.061401
1.616403
-0.959223
0.634837
0.464037
0.631523
-0.020625
-0.758541
1.011267
-1.669591
-0.418593
0.496731
-1.566651
1.085963
-1.470487
0.024229
1.580853
0.656515
0.444745
-1.447991
0.060777
0.720975
0.216017
0.581119
-0.535105
0.606397
-0.282335
-0.527593
-0.084895
1.917973
1.019467
1.170439
0.965555
2.542569
0.068777
-0.550095
2.086309
-0.033831
0.567603
-0.126793
0.335691
0.689899
-1.138809
-1.493773
-0.123421
-1.517381
-0.028759
0.551869
-0.676989
-0.201523
-0.291867
1.816451
0.324633
0.100347
-0.818613
0.569565
0.362939
0.358447
-0.220625
-1.152787
-0.116117
0.502019
-0.360767
-2.212073
0.182835
0.329537
0.572669
-0.450101
-0.121991
0.195877
0.028945
0.143579
1.314503
-0.110615
-0.408087
-0.371903
-0.860597
0.959751
0.018099
1.079115
0.034481
0.389941
-0.532911
-0.024171
-0.114093
-0.975685
0.285191
-1.254709
-0.680697
0.456215
0.159235
0.471575
-1.787777
-0.584637
0.906653
-0.956905
0.148943
-0.004501
-0.451485
-1.483775
0.208909
-1.177237
-0.558841
0.511763
0.881193
0.489955
0.963967
-0.504377
0.593541
-0.282965
-0.703577
1.547933
0.886911
0.317995
-0.608029
0.060503
1.534845
-1.538707
2.367005
-0.516527
-0.814047
0.388517
-0.153747
0.470471
-0.212275
0.877325
-1.463765
1.136149
0.250573
-0.889767
-0.064337
-0.209847
0.612917
0.492309
0.904439
-0.485297
1.381413
-0.414425
-0.510097
-2.420923
-1.301759
1.123245
1.201425
0.457217
0.280045
1.736705
-0.764503
1.460157
0.936101
-0.446145
-0.148979
-0.567761
0.401301
0.615549
-0.489041
0.308579
-0.954509
0.622137
0.781771
1.676679
-0.277683
-0.560763
0.456261
1.006425
0.066613
0.896727
1.030489
0.230369
0.204543
-0.092027
-0.427417
0.218297
0.374829
-1.216123
1.110111
0.467565
1.717991
2.583771
1.154369
3.957371
-0.349941
-0.974953
0.417241
-2.177659
-0.444907
1.624693
-1.171433
0.894909
0.493997
1.007429
0.218449
0.380071
1.005545
1.896949
2.230453
1.197113
0.222571
0.309901
0.302185
-0.681873
-0.205179
-0.345889
0.635659
-0.939515
1.543291
-0.289357
-1.324109
0.191145
-0.304613
-0.755743
1.439429
-0.731933
2.234183
1.694481
-0.754427
0.165493
-1.295079
-1.045095
-0.640109
-0.029135
-0.889025
0.957575
-0.549971
0.512285
1.216631
0.731495
0.765093
-1.811017
-0.232347
0.032983
0.303927
-0.254703
-2.424969
0.399193
0.485751
0.872835
0.100675
-0.250937
-0.089371
-1.535257
-1.329535
-0.036045
1.134913
-0.684987
1.233317
0.250947
0.305167
-0.421919
-0.624123
-0.646441
1.822601
0.014643
0.482165
-0.211631
-1.708011
-0.159695
-0.570715
0.902095
1.121811
0.727839
2.316341
-0.265055
1.241287
-0.106715
-0.424419
1.560815
0.305333
-0.248375
-1.222497
0.112259
0.338021
0.029003
1.574493
-0.103787
1.085411
-2.088009
-0.758947
0.855271
-0.096633
0.218073
-0.887445
1.844945
-0.276797
-2.337209
-0.623055
-0.982177
0.394003
0.038027
-0.202469
-0.961487
-0.990175
0.445091
-0.930641
-0.349509
1.214445
0.715495
-0.856023
-1.669677
-0.863041
0.062663
-0.281203
0.217729
1.486821
-0.841461
-1.007507
-1.230863
-1.224189
-0.924753
-1.721423
0.708009
-0.736239
1.562363
0.487951
1.296653
-0.214695
1.669533
0.179963
0.473633
-0.289677
-1.692071
0.339085
-0.674433
-1.579245
-0.380353
-0.216843
1.177187
0.127319
1.221481
-0.736611
-1.790773
-0.745535
0.180655
-0.670077
-0.369281
0.283971
-0.654023
0.884441
-0.159057
0.010567
-0.359679
1.078757
-0.940505
0.450855
-1.126311
-0.853771
0.081323
-0.896501
-0.935833
1.007547
-1.561219
0.208959
-0.128225
-1.235879
-0.278229
0.741801
-0.102345
-0.046393
0.140907
-0.930263
-2.250353
-0.616091
0.501893
0.268353
-0.128013
0.038693
1.198953
0.273659
0.683839
-1.869369
-0.207703
0.834899
1.217569
0.714971
-0.063163
-0.584867
0.032009
-1.374367
1.646795
-2.333603
1.026717
0.495971
0.129733
1.491759
-1.162029
0.646103
-0.811633
-0.583721
2.543947
1.234961
0.657001
-0.532569
-0.057321
-0.320211
0.306773
0.298765
-0.439507
0.803491
-0.445261
0.850775
0.021001
-0.506983
-0.385905
0.911885
-0.331479
1.825479
-0.986461
1.722387
0.551275
0.949809
-0.675057
0.597363
1.036843
0.146173
-1.172393
0.202271
0.104185
0.874993
-0.222815
0.844409
0.535685
0.397121
1.037043
-0.408257
-0.478385
-0.899813
-0.420679
1.151371
0.424255
-1.546833
-0.202405
0.210031
-0.054141
0.430279
1.505213
-0.057217
-1.443763
-0.020553
0.562355
-0.109013
-1.983849
-0.653709
0.050333
1.025851
-0.655981
-0.782061
0.327613
-0.025383
-0.419139
-0.450733
0.304431
0.316713
-1.276119
0.783361
0.856309
-0.563165
1.412845
0.702081
-0.706107
0.559277
0.923263
-0.129109
-0.730397
1.125537
-1.617945
-1.773175
-0.393587
-1.467971
-0.698871
0.280793
0.755581
-0.638023
1.211261
0.075455
1.727687
0.626357
-1.464923
-0.792569
1.608089
1.937203
1.807351
0.882031
-0.006471
-1.205925
0.549845
0.234249
1.322187
-1.532401
-3.524083
0.179179
0.022283
1.328961
1.456301
1.256463
-1.247601
-1.812207
1.082679
0.979427
1.707999
0.116671
-2.148747
-2.376329
1.579459
-1.530747
-0.174041
-0.192667
0.287367
-1.222823
0.028577
-1.323881
-0.814443
0.647499
0.836687
-0.421659
1.075181
0.680697
-0.420045
0.714485
1.722711
-0.834269
-1.249583
1.545869
0.332977
0.098415
-0.458561
-0.568701
-0.532919
-0.151775
0.666343
0.305873
1.047853
-0.158757
-0.031839
-1.538259
1.367185
-0.715479
1.283861
-1.262165
0.244803
0.436303
0.538215
-0.428571
0.042797
-0.314233
0.634077
0.008051
-0.038493
-0.065453
1.723279
-1.520799
-0.655213
-0.314997
1.079221
1.378235
-1.197441
-0.403351
0.261995
-0.531957
-1.759131
-1.075887
0.265953
1.488839
0.452149
1.852405
-0.125883
0.479227
1.131189
-1.257941
-0.245995
0.211497
-1.324927
-0.555485
1.726109
-0.379939
2.627041
0.305109
1.827435
0.345293
0.009875
0.595589
1.251549
-1.289913
-0.950735
0.869399
0.745595
0.664687
0.616403
-1.669899
0.932787
1.856597
-0.040143
-0.201379
-0.450003
-1.727239
1.600817
0.029031
-1.123375
0.391985
2.408839
0.041427
-0.834583
0.302069
-0.009753
-1.237255
-1.299807
-0.043549
0.257125
0.600385
0.791755
-1.463231
-1.278511
0.498457
-0.560983
-0.228553
-0.547993
-1.300969
-1.075735
-0.934081
-0.169585
1.063493
0.024765
0.087005
-1.057141
0.762009
0.206503
-0.424903
2.088265
1.902911
0.159169
-0.681491
-0.128621
-0.055851
-0.757265
-0.624793
0.159597
-1.370071
-0.900557
-2.320315
0.814171
1.684437
-1.531087
0.590347
-0.221751
0.683805
1.047899
0.299373
-0.768889
-2.280007
2.061307
1.795813
0.110147
0.130239
-0.528815
-0.412769
0.006327
1.483997
1.396815
0.496915
-1.056785
-1.052821
-0.303085
2.845517
0.641783
0.426679
1.345691
0.832641
-0.882421
0.651149
0.294931
0.587345
-0.008705
-1.105067
0.368615
-0.738399
1.284125
1.179973
1.154965
-1.576529
0.241437
0.703585
-1.214751
-0.645525
1.612795
0.256277
-0.759225
-0.239639
1.945555
-0.072025
2.600571
0.805811
0.186473
0.272139
1.478533
0.490889
-0.306441
0.072607
1.330059
1.887551
-0.073727
0.285337
-1.659847
0.467455
-0.527807
-0.771467
-1.008655
-0.053377
0.765743
-0.557273
0.501625
-1.968327
-1.907899
2.495755
-0.312127
-0.899807
-0.350135
1.629037
1.149745
-1.810719
0.830381
-0.077929
0.033445
0.573741
-0.188435
-0.044951
-0.826227
-0.513927
-0.061731
1.072719
-0.053733
-0.263987
0.902919
0.110679
-1.296741
-0.422093
-0.853899
1.531599
-0.408125
-1.159577
-1.151901
0.031411
-1.406673
0.163121
-0.227701
1.084217
0.181675
1.972833
-0.501089
-1.042627
1.095703
-1.313643
2.056099
0.732345
-1.100165
0.096863
1.783445
0.930375
-0.043293
-0.489221
0.110647
1.211805
-0.571615
0.474615
-0.631531
-0.060869
0.334607
1.188319
0.350855
0.286291
-0.873677
0.284939
-0.018945
-0.023545
0.373013
0.694545
0.355705
-0.993905
-0.298169
0.007667
1.406819
0.849663
-0.474111
0.712521
0.653103
-0.808539
-0.769471
-1.265727
1.059135
1.121963
-0.488417
-0.442935
1.506031
-0.695875
-0.343733
-0.341439
1.113403
0.202717
-0.055711
-1.008669
-0.210545
-1.005723
-0.478789
0.712387
-1.652135
0.863313
0.648689
-0.628589
0.375693
0.024273
-0.697119
0.936063
-1.010883
0.004295
-0.511989
1.135927
0.906693
-0.391109
-0.094641
1.165171
1.879771
0.307289
1.389221
-0.265209
1.327245
-0.978983
1.251485
1.306527
0.833013
1.648789
-0.121317
-1.535389
0.919407
0.103529
-0.153869
1.123615
-0.805065
-1.653207
1.884465
1.961129
1.869513
0.687713
0.153355
0.637809
1.608261
-0.552457
-0.310297
1.122957
1.070071
-0.063585
-0.114695
-0.998947
0.877843
-0.168281
-0.053013
-0.786925
0.394929
-0.646835
0.910245
-1.207267
-0.345095
0.682393
-0.379299
2.139245
0.236913
-0.578617
1.282049
0.740965
-0.860449
0.034615
0.125773
0.250719
-1.098213
0.503445
0.794069
-0.241625
-1.927231
-0.313823
-0.371229
-0.207185
-0.840389
-0.819183
1.955183
-1.235795
0.402013
-1.096213
-1.774901
1.613929
0.433227
1.516389
-0.222001
-1.173097
-0.835961
-1.264263
-0.636853
-0.529163
-0.487213
0.009625
-1.719301
-3.137995
-0.538643
-0.877801
0.728111
-0.277075
-0.802675
0.376605
-0.790303
-1.590665
0.118001
1.157427
0.039085
0.021075
0.877059
1.074733
-1.503065
-0.933305
0.841267
1.532231
0.398611
-1.373969
2.225689
-0.788451
-1.029721
-0.128267
0.937903
-1.213815
-0.630893
2.212439
0.361859
1.043789
0.426781
0.091957
-0.783369
-0.960649
0.525333
-0.390411
0.816347
-0.203781
0.129831
0.204159
1.621643
0.369379
-2.283959
-2.056861
0.295699
0.398959
-0.722107
0.183323
1.014189
0.769217
0.360209
-0.025553
-0.895539
-0.021579
0.936889
0.615071
0.384035
0.116705
-0.715783
-0.470671
-0.268565
-0.897055
0.510599
1.773041
-0.074527
-0.647931
1.090255
2.389039
-1.701527
0.262031
0.067779
0.308259
-1.214111
-0.476011
-0.284497
-0.318997
-0.382231
0.519905
0.251411
0.331759
0.923645
-1.184881
0.735347
0.018711
1.757423
-0.199569
-0.781605
1.154601
0.848367
-0.670983
0.021371
0.802493
-0.057861
0.713595
-0.446989
-0.481555
-0.701453
-1.536271
-4.470403
-1.509321
0.471275
-0.708183
1.098723
-0.886215
0.087489
-0.318593
1.424999
0.104893
0.076643
1.269763
-0.620553
2.108275
0.907779
-0.958575
-0.058387
-0.689399
0.085063
-0.940815
-0.416623
0.788931
-0.786977
-0.276201
1.032731
-0.209465
-0.693677
1.569027
0.851163
-0.460417
-1.400023
-0.773809
0.015457
-1.064965
1.253665
0.187685
0.221163
-0.229825
2.293963
1.109547
0.342669
1.453647
0.580019
-1.537057
-0.300325
0.468291
-0.451661
2.502949
-0.000355
-1.137565
-0.159053
0.064521
0.936087
-0.633887
0.110621
0.577861
0.953615
-0.062151
-1.619685
1.234631
0.555599
0.544271
-0.213609
-1.435789
-0.117719
-2.037001
-2.481029
-1.344435
0.289387
-1.238813
-0.711145
-0.182551
-0.632205
0.761201
0.079333
1.137815
-0.127303
-0.722633
1.053899
0.752283
0.317889
0.233795
1.537737
-2.076157
-0.465493
0.039377
-0.094209
0.739187
-1.132163
-0.112031
1.286507
1.139083
1.258585
0.153059
0.750243
-0.509611
1.095807
-0.067481
-0.295803
0.486497
-0.664885
-0.774807
0.128945
0.528171
1.412795
0.343975
-0.906715
0.169273
-1.343081
-0.544589
0.702569
0.803823
1.532435
-1.429713
-1.622893
-1.218015
0.908039
-0.436765
-0.010155
-0.218143
-0.327259
0.745423
1.138013
-1.055255
-2.045025
-0.513087
-0.207917
-0.271351
-0.945209
-0.124643
1.505753
0.365739
-0.813505
-0.647037
0.598689
-0.569051
-0.520089
-0.442469
0.736105
-0.291167
-0.098537
1.177379
-0.869847
-0.942065
1.690621
-1.678459
0.499233
1.151049
0.114653
0.190817
-0.780777
1.851089
1.082861
0.040735
0.162647
-0.612765
-0.980831
-0.745359
-0.100145
-1.002551
-0.990667
0.405539
1.459637
0.307279
1.026005
1.122361
0.609615
-0.445959
0.156833
0.777871
0.396621
0.685415
-0.278551
0.500219
0.554733
0.600357
0.350659
-0.305801
0.310301
-0.942323
0.998421
-1.547221
0.338001
-0.298993
-0.750431
0.670969
-0.183497
-1.998757
-0.019643
0.851863
0.222413
0.232949
-0.181211
-1.277523
0.299999
-0.718159
3.398847
-0.486415
-0.679149
1.316977
-0.155551
0.603747
0.249043
-0.703975
1.080899
-0.864599
-0.418665
-0.706337
0.014553
-1.361875
0.844389
0.293923
-0.673163
1.011373
-0.063199
-1.775417
-0.739861
-0.154771
1.210105
0.857335
-1.629333
0.250385
1.872329
-1.818671
0.050747
0.303679
0.879757
-1.021101
0.299629
1.114391
-1.071617
0.508401
-1.933437
1.396095
1.134349
-0.635477
0.937831
0.858189
-2.186599
0.788559
-0.278713
0.382697
-0.774249
-0.470713
-1.052629
-1.174891
-0.980501
0.240195
0.429861
-0.297179
1.103591
2.264917
-0.335415
-2.328185
-0.676943
0.428127
0.765155
-0.387619
-1.031685
0.554381
0.547121
1.182425
-1.565257
0.260129
-0.819043
0.392583
0.526423
0.591189
-0.982931
0.081971
0.013043
1.690139
-0.612049
-1.068673
0.943087
-0.119213
-1.508491
-0.084869
-1.071407
-0.048519
-0.487963
-1.890811
1.098143
-1.561277
-0.086101
1.321009
0.718717
1.291561
0.354609
-0.619685
0.799947
-1.295385
-0.641869
1.154613
1.014559
-0.637085
-1.940837
-0.469265
0.979347
0.329827
0.139165
0.262397
1.278603
0.231511
-1.717903
-1.071045
1.036701
-2.528311
-0.481811
0.559565
-0.065651
0.332811
-0.021489
-0.153983
-1.220909
0.236129
-0.993475
-1.043253
-0.181305
-0.047779
-0.606757
0.270131
1.688733
-2.383555
-1.343745
-0.025161
0.915859
1.431893
-0.832371
-1.312295
0.831099
1.169189
0.271169
0.430467
-1.424187
-0.155933
-0.881195
-0.485605
-1.401883
0.118715
0.333137
0.167579
1.248691
-0.443759
1.431889
-0.853699
1.093513
-1.946689
-0.286009
0.353745
0.914115
-0.741489
-1.066369
0.164281
-1.421145
1.044583
0.680715
-0.163935
-0.763459
-1.009593
0.515965
0.020259
-0.438207
0.524945
-1.328533
-0.633747
-0.474903
-2.064815
-0.717317
-0.347899
-1.689971
-3.359337
0.165291
0.707797
-1.137531
0.146209
-0.354615
0.547201
-0.412131
-0.160555
0.216521
-2.025415
1.166695
-1.049647
0.335571
2.455159
0.414209
-0.309973
1.582605
-1.234605
-0.321749
0.923025
-0.224229
0.141959
-0.984687
-0.609485
-0.241415
-0.249231
0.106481
-1.182929
-0.617497
1.311509
2.030921
1.011311
-0.744545
0.247107
0.418045
1.743139
0.579583
0.227547
-1.052827
-0.357727
-1.114019
-0.812479
-0.824613
-2.688019
-0.247911
-1.116417
0.192351
-0.492015
1.524819
-0.836103
-0.167237
-0.284079
-1.526195
1.419473
-1.541607
-1.597995
0.697755
0.071049
-0.009591
-0.835509
-0.707427
0.897217
-1.749583
1.183877
1.248735
-0.093561
-1.359541
-2.572899
0.675201
-1.572359
0.498721
1.001979
0.061011
-0.435209
1.964889
0.359387
-0.478899
-1.253409
-0.791821
0.271329
0.509525
0.367401
0.307787
-1.269741
0.863403
-1.005475
-0.478991
0.140461
-0.814643
0.777177
-0.789017
-0.341693
-0.659543
2.082881
1.121017
1.464977
1.375195
-0.788937
0.708911
1.581657
-0.553223
1.791083
-0.869791
-0.178697
0.487741
0.391599
0.242123
-0.757929
1.402279
-0.120341
0.154063
-0.169625
0.253047
-0.666007
-0.864893
2.003775
-1.629101
-2.271065
-0.042277
-1.147723
1.982593
0.168261
-0.242397
-2.620103
1.125207
1.195785
-0.715595
-0.544733
1.472491
-1.693091
2.788551
0.021109
-1.801273
-0.855181
1.888753
0.937471
-0.678315
-0.373455
-0.021045
-0.219301
0.787031
1.199449
-0.753493
-0.608405
-0.179151
0.505083
-0.125859
1.023295
-1.174581
-0.819963
-0.697045
-0.813999
1.182981
1.349353
0.529227
-1.433693
-0.056895
-0.738601
1.105619
-0.315497
0.448165
0.966917
0.577071
-0.390651
-0.499995
0.305617
-0.757855
-0.553047
1.998131
1.551377
0.720849
1.490641
0.402715
-0.065573
-1.042421
0.414329
-1.215767
-2.542943
-0.320591
-0.842909
-0.388529
-0.020341
-1.124747
0.726355
-0.393331
0.433543
1.135237
-0.290989
0.285875
0.018881
-1.317549
1.763527
-1.214535
1.709551
1.813117
-0.461175
0.054943
0.585827
1.386471
-0.361399
-1.697933
-0.564167
-0.868129
-1.481265
-0.873129
-1.155695
-0.148579
1.468981
-1.499519
1.159635
-1.362791
-0.313385
-1.028615
0.899361
0.385659
0.406959
0.500571
0.821495
-1.232533
1.106623
-2.001769
0.703843
-0.088035
2.242039
-0.645557
0.747547
0.378953
1.141419
-1.464541
-1.333247
-0.746979
-0.704463
-0.507129
-0.014645
-0.470893
-1.532603
0.206277
1.040543
-1.951549
0.023979
-0.628437
-0.022675
-0.026759
-1.270395
1.010261
-2.737975
1.640911
0.823105
0.862793
-0.428135
-0.882055
-0.241775
-1.555595
0.767131
-0.745479
1.061337
-0.571333
-0.537321
1.078847
0.026731
0.572415
1.146051
-0.771349
0.653545
0.262721
2.859753
-0.327195
-0.891657
1.714655
1.121631
-1.156151
1.128403
-0.702659
0.664655
0.138123
0.481565
0.982503
0.549575
-1.837933
-0.705127
0.972313
-0.440539
0.027413
-0.545019
-0.581797
1.156933
0.920861
1.391887
-0.868745
-0.704227
0.102525
0.634567
-0.867031
-1.133029
-0.253793
1.389239
-0.143939
0.557491
0.191655
0.606533
-1.053309
0.001651
0.177221
0.210233
0.861793
0.562403
0.609181
1.327981
-0.807269
-0.327461
-0.019965
0.402707
-0.179325
0.108627
-0.204785
1.711201
0.071113
1.411971
0.250777
0.047545
-0.919337
0.761467
1.090437
0.423585
1.695603
-2.223761
1.146499
0.762103
-1.586837
0.892211
0.136459
0.347045
0.194225
0.381143
0.071971
0.388537
0.173955
-1.997785
-0.313767
0.532727
-0.105423
1.592489
1.303811
-1.908359
-0.014331
-0.188965
2.199561
-1.525231
1.553591
-0.794821
1.475441
0.594157
1.028319
-2.035923
1.374495
-0.282185
-0.644961
-2.060477
0.532681
-0.888073
-1.119299
-0.750359
-1.228881
-0.395681
-1.315979
-0.296319
-0.302879
-0.461817
0.367127
1.332051
-0.061271
1.554947
1.472603
-0.515311
-0.381781
0.010615
0.483213
0.444345
0.375511
-0.333847
1.654525
-0.569097
-1.814991
-0.648969
-0.743547
0.444517
0.489533
-0.485985
0.906189
-1.249181
-0.936757
1.008319
-0.940863
-1.143811
0.213967
-0.556325
-1.089253
0.600557
0.665881
-1.050847
2.427255
-1.024173
-0.236927
0.359647
1.729871
-2.025157
-1.276089
1.130475
0.202911
0.689073
0.698205
1.233501
-0.936931
-1.315179
0.356807
-1.303975
0.028545
1.148235
0.851031
0.551509
-0.937357
-0.664171
-1.573691
-1.275739
1.341095
-0.525997
0.788841
0.774363
-0.649969
0.820789
0.598991
1.966033
0.681379
1.863477
0.423173
-0.181663
-1.180103
0.506353
1.577445
-0.918607
2.238051
-1.385705
0.287063
-0.977997
2.192185
0.319631
0.529389
-2.208147
1.085913
1.186063
-0.998733
0.461133
-0.711053
1.324313
-2.661569
-0.356961
1.645847
-0.323957
0.744243
1.183771
0.114855
1.450583
0.152147
0.630357
-1.379399
1.130157
-0.118397
0.000217
1.818719
0.107363
2.727063
-0.521159
-1.532839
-1.322769
-0.478671
-0.067419
0.873579
1.653475
-0.025649
0.133353
-3.350317
0.783287
-0.171949
-0.690777
-0.698795
-2.053545
-0.507295
0.024479
0.324985
0.775123
-1.930543
1.409131
0.145897
-0.568693
-0.413457
-0.617885
0.679429
0.238277
-0.946477
-2.231553
0.010281
-0.141389
0.372545
0.977733
1.396449
0.730119
0.553703
0.878327
0.366499
1.781319
1.353279
-0.612203
-0.568181
-0.647457
-0.142557
1.231905
-0.960225
-0.001105
-1.302437
1.424091
-0.432495
0.107811
2.146099
-0.763577
0.174585
-0.918761
-0.500195
-0.143691
-0.351841
-0.906281
-0.016279
-0.374865
0.454775
1.067637
-0.653777
-1.067539
-1.171277
-0.395589
0.403423
1.018823
-0.484623
1.462439
-1.383001
0.178227
-0.736333
-0.122307
-0.069219
0.729983
-2.179415
-0.736461
0.836161
1.050243
0.474793
-0.418077
1.050755
0.415365
-0.036601
-1.055575
0.807683
0.361991
0.481059
0.879653
0.463059
1.053951
2.026613
-1.019279
1.131869
0.027681
-1.357615
-1.112883
-0.498637
0.426245
-0.651233
1.520247
0.210105
1.802279
-1.090355
0.373067
-1.273469
0.429443
0.919991
-1.271901
-0.408031
0.543541
-0.886957
-0.920959
0.406051
-1.330307
-0.385335
-0.341625
0.492387
-0.589173
-0.818989
1.359161
2.320687
-0.311283
0.183909
0.545063
2.454439
-0.193685
1.381337
-1.059945
-1.757261
0.893257
-0.652103
-0.776361
0.984351
-0.392553
-0.018257
-1.269719
1.112841
0.117315
-0.512069
-0.246025
-0.278299
-0.467689
-0.512383
0.119793
0.858269
-0.279227
-0.424583
1.510075
1.538693
2.080347
1.418301
-0.864179
-0.616751
-1.847919
2.157847
3.110979
-0.439383
0.099923
-0.304425
-0.201343
0.150539
-1.423067
-0.981137
1.778215
0.366129
0.366253
-0.184045
-0.230745
1.916595
-0.312917
-1.125991
-0.420097
-0.112941
0.985593
-0.077895
0.649655
0.035535
0.594745
-1.010081
0.608431
0.609775
-0.795493
0.366645
1.165765
2.395481
0.036163
1.470519
0.167989
0.260321
-0.119399
0.979117
0.436857
-1.408387
-0.533549
0.760071
1.057717
-0.158607
-0.036613
-1.431701
-0.640401
1.218491
0.542293
1.858869
-0.853823
-0.565009
-0.317527
0.580279
0.092905
0.117081
0.666875
-0.038945
-0.133335
-1.082285
0.354537
0.892145
-0.661623
0.728783
1.019757
-1.751359
-0.504853
1.337791
-0.622265
0.061159
-0.462683
-0.185927
-2.765457
0.733077
1.226165
-1.378547
-1.403763
0.968269
-0.269551
0.896717
0.839499
0.287207
-1.338451
1.475487
0.942051
2.326227
1.158177
-1.343877
-1.126293
-0.625825
1.172689
-0.190695
0.244799
0.372133
-0.674829
1.552063
-1.055619
0.295565
0.820369
0.555543
-0.288739
-1.442789
0.817549
-0.881981
0.628677
1.022927
0.410865
0.780891
0.251237
-0.002253
-0.250749
0.475001
0.193647
0.987339
0.445187
0.693919
-0.415675
0.308129
-0.563413
0.004841
1.742161
-0.576481
-2.186449
1.158977
0.945139
-0.655855
1.280365
0.845899
0.517899
1.024561
-1.058219
0.380957
-0.323425
-1.040413
-0.029909
-3.738385
0.141805
-1.123083
0.515197
3.590257
-0.759087
-1.283663
-0.048751
0.684135
0.254511
0.732467
0.697125
-0.780955
-1.324979
-1.044237
0.239371
-0.526567
-0.122845
1.237787
0.176301
0.036909
1.481959
-0.335377
-0.671017
-0.459083
-1.114587
-0.976431
0.015129
1.559141
-0.535649
0.167149
-1.732027
0.677525
-0.120277
2.121353
-0.885677
1.897895
-1.797045
0.896017
0.408745
0.551677
-1.076079
1.175575
-1.089623
-0.372479
0.227157
0.267417
-0.236351
-0.257447
-0.860233
0.044565
-0.780639
0.384553
0.755345
-1.447417
1.130393
-0.559521
0.816367
0.049573
0.706061
-1.518587
1.495087
-0.148587
1.200655
-0.966843
0.245497
-0.917341
0.154225
0.016061
-0.878619
-1.797943
0.294201
-1.704711
0.240767
-0.274677
0.483697
0.137121
-1.780001
1.289207
0.746227
1.716729
-1.558159
0.412607
0.036469
1.960241
-1.295295
0.055815
0.130243
-0.435337
-0.871841
-1.965193
-1.503891
-0.293373
-0.535117
0.416621
-0.801311
-0.591869
-1.875607
-0.947061
0.025137
-1.814093
-0.207533
1.402179
-0.837897
1.756689
-0.333119
0.156807
0.285827
-0.835171
0.966925
0.675727
1.090113
-0.075949
0.714035
0.301527
-1.888585
-0.343789
-2.382209
0.298259
-1.385053
-0.562155
0.531051
0.516989
0.031699
-2.156741
0.602847
0.159887
-2.384751
0.311477
0.478945
-0.906277
0.027669
2.973167
-0.734617
-0.727521
0.399505
0.283077
0.001715
-2.729645
-0.580971
0.145757
-0.362135
-0.199687
-0.136513
-2.249013
2.165531
2.048841
1.023771
-2.282249
1.106329
1.720587
1.839115
-0.758511
2.334427
0.039347
-0.621457
2.086309
-0.033203
1.432901
0.329001
-0.500811
0.853911
-1.107285
0.184131
-0.936305
0.849039
-0.256709
2.086815
1.128903
-2.289109
-0.021303
0.456881
0.195953
-2.126133
-0.118475
2.165223
0.774311
3.318307
-0.280833
1.907181
-0.746283
0.737247
-0.769301
1.709893
-0.005155
1.564117
-1.016629
-0.109039
1.001843
1.979901
-1.874793
-1.217517
-0.229715
0.525537
0.117429
-1.489491
1.203287
0.633063
1.633613
2.166531
0.308475
0.000763
0.313359
0.532093
0.723163
1.233629
0.195287
0.338813
0.088973
-0.569041
-0.357719
-0.923535
-0.344763
1.027691
0.107253
-0.631163
-0.006869
-0.132983
-0.073879
0.228257
0.812663
0.501805
-1.308279
-0.798757
0.566125
-2.135169
-0.868943
-0.440949
-2.140941
-0.658153
-0.042611
1.232385
0.452937
0.631411
1.146819
1.240363
0.212481
0.130947
-2.779077
0.879775
-0.711527
-0.163427
0.212891
-0.705739
0.329549
0.815117
0.014889
-0.428101
-0.250173
-0.203727
1.276493
-0.432943
0.846791
1.151975
0.660267
1.489985
-0.809717
0.082835
-0.587757
-0.846861
0.852335
0.800787
-0.922397
-0.376627
0.434393
-1.544983
-0.939849
-0.001453
0.741333
-1.443571
1.592689
-0.582023
0.256373
1.008801
-1.172715
-0.020309
-0.402697
0.371225
0.175473
-1.652811
0.379959
-1.047125
-0.278991
1.060791
-0.828475
0.263031
-2.331051
1.956535
-0.133465
-0.600579
-1.091089
1.494455
-1.613507
-1.260847
0.221325
-0.075461
-2.156509
1.167963
-0.128421
0.829673
-1.258853
0.333323
0.650399
0.133113
-0.240553
-2.146137
0.684523
0.422197
-0.139847
1.155815
2.027439
1.098667
2.039417
-1.945261
0.943395
0.760953
-0.563929
0.132279
1.101049
0.540903
1.423655
-0.604611
0.230253
0.921673
-0.041891
0.540955
-0.762937
0.751511
0.586049
-0.936695
-1.198615
0.015387
0.462429
-1.618767
0.122621
0.322923
0.432963
-0.432299
0.626957
-0.319679
-3.250427
0.477607
-0.918731
-0.144051
1.937015
0.744725
-0.452633
-1.197975
0.250041
0.600027
0.776847
0.218473
0.839815
-1.287941
1.506785
1.113223
1.478871
-0.129905
1.514151
0.388065
0.340107
0.601517
-1.126805
-0.140077
-0.376749
1.334369
1.120699
0.811547
-0.477857
-0.411825
-0.474017
-0.461329
0.216523
-1.759473
0.393303
-0.948373
1.253861
-0.956171
0.436121
0.235195
-1.432965
-0.755423
0.097741
0.927775
-0.989529
-0.449687
1.666859
-1.225637
0.231039
1.654997
-1.362207
1.423379
0.258301
-0.369997
-1.108237
-1.165861
0.504499
-2.259329
0.082127
0.118921
-3.518103
0.392173
-0.996207
2.084597
-0.907891
-0.416203
-0.314891
0.085853
-0.130961
1.374897
-0.161719
1.203229
0.108443
-0.830355
0.428055
-0.436523
1.767511
0.621763
0.561323
0.127037
-2.584151
-1.820579
-1.420249
-1.713453
2.339433
0.533431
0.132699
0.376309
-0.347711
-0.719733
1.018015
-1.338873
0.759853
0.713821
-0.003287
-0.072233
0.254377
1.221643
0.668683
-0.901433
-1.303085
-1.556841
-0.558139
0.578095
-1.016215
-1.211965
-0.803551
-0.262679
-0.588563
0.387073
-0.107059
-1.676137
0.009525
-0.313107
1.423761
0.072209
-0.692203
0.572717
0.248973
0.786471
-1.129189
2.045169
0.903559
-0.268223
-0.259803
1.454601
1.580245
0.194077
0.465207
0.787137
-0.257477
2.930967
0.263487
1.850333
1.597323
2.313327
-2.377239
0.203253
2.566457
0.412749
-0.302457
-1.999827
0.048473
-0.272255
-0.425477
-0.091869
-0.266425
-1.800003
1.165177
2.529817
-1.294055
-1.190193
-0.941261
-0.221899
0.784891
-0.400181
-0.805807
-0.132505
0.383673
-0.542645
-2.542029
0.295467
-0.977305
1.102725
0.938919
-0.003951
-2.208691
0.108421
-1.598613
0.261283
0.461101
-1.692973
-0.888973
-1.524907
0.304437
0.425799
0.047647
1.097115
-0.579959
-0.573689
1.182055
0.939079
-0.877115
1.291689
-2.373539
-1.576855
1.808197
1.391973
-0.219973
-0.260959
-0.172441
2.515737
-0.913437
0.742017
0.132177
-0.919317
1.098165
-1.076297
-1.534019
0.380701
0.765351
-0.445809
-0.056007
-0.921851
0.647823
0.139793
0.775061
0.583003
1.692079
-0.291273
0.793003
-0.872009
-0.650101
-1.453389
1.205077
0.115077
-0.257931
-1.574507
0.040519
-1.208941
1.694187
0.697429
0.903103
-0.343139
-1.184035
0.211241
-0.213981
0.349593
0.378861
-0.552443
-0.119499
-0.982685
0.131257
-1.518831
-0.213607
-1.394465
-0.632919
1.077377
-2.919617
-0.122515
-1.351499
0.050755
0.467107
-0.830977
0.570787
0.272391
0.150685
-1.755591
-0.812809
0.290435
1.002649
-0.694505
0.209859
-0.368793
0.450529
-1.023297
1.189451
-0.295969
0.306317
0.533847
1.905721
0.348385
-1.823105
1.063259
0.298737
-1.040099
0.567251
-0.141395
0.255811
-0.839915
-0.158627
-0.388171
0.567399
-0.576427
-0.458127
1.337115
-0.214539
1.938485
-0.583747
1.005143
-0.389385
-0.921901
0.055563
1.111227
0.582011
-0.403317
0.902831
-1.040643
0.242919
-0.247565
-0.325181
2.016261
-1.003947
-0.002351
0.672075
-0.393033
0.053031
1.365331
-0.387635
-1.606743
0.025647
-0.135137
-0.989557
-0.798639
-0.554121
0.863597
-1.632069
0.661875
0.243525
-0.375733
-0.673751
0.535783
-0.752895
-0.546047
-0.438503
1.302751
2.236675
-0.444807
0.139811
1.272621
0.886201
-0.218705
0.485541
0.121417
0.293573
-2.362219
0.406191
1.704093
-0.158113
0.674301
-0.674985
-1.234249
-0.024671
-1.231711
-0.142767
-0.015137
-2.154541
-0.948173
0.688987
-0.504157
-1.992907
1.009823
-0.713453
-0.207945
-0.792937
-1.076875
1.221085
1.939255
-1.491699
-2.219387
-0.357139
0.966391
0.026661
-0.685799
0.209623
0.874193
0.698999
-1.471551
-1.339587
0.934847
1.240089
0.629119
-0.585913
0.267695
-0.828469
0.335779
-0.492073
0.242145
-0.354103
1.505617
-0.390909
0.540681
0.328513
-0.808363
-1.447369
2.164547
-0.394623
0.387321
-2.455227
-0.472921
1.233079
1.058655
-1.847281
0.710911
-0.356635
-2.677337
-0.351937
0.216647
1.001735
0.094763
1.564993
1.172895
-1.164963
0.654457
0.120403
1.098475
-0.587447
1.630303
-1.144233
-1.195253
0.032737
1.985261
-1.504509
-1.652835
0.276403
-0.104011
-0.349079
0.266175
-0.338445
0.869837
0.795347
0.388601
1.810413
0.876353
0.324525
1.039059
-0.750135
-0.696271
-0.584609
1.865687
-0.617049
-0.285429
-0.330123
0.215857
0.451455
0.728981
1.076145
-0.330597
0.177643
-0.326447
1.466355
-1.485181
-0.131711
1.426579
-0.319857
1.144757
0.566071
0.533923
-0.207429
0.267679
-1.319135
0.000473
0.461095
-2.245763
0.607675
0.053385
-0.556167
-1.722653
1.228759
-0.593821
-1.653051
-0.712155
-0.949257
-1.187935
0.362335
1.024981
0.863049
0.046507
-0.759089
-1.336937
-1.401285
-1.632099
0.507643
0.133163
0.628355
-1.482817
0.580763
-0.588721
0.716207
1.217831
0.260785
-0.123163
0.763683
2.061659
-0.687443
1.153901
-0.278035
-2.267709
-0.852031
0.353301
-1.871417
-1.904807
-0.348599
0.327307
0.117103
1.277995
0.811309
-0.962919
-1.187467
-0.871029
0.662643
0.617301
-1.927133
-0.052247
-0.403333
0.562539
0.023741
0.441949
-1.371949
-0.632075
-0.022059
0.295765
-1.390001
0.305201
0.140977
0.353531
-0.057499
-0.897531
0.154307
-1.621885
1.429667
1.000211
-0.406597
0.126777
-0.574643
-0.101865
0.475183
0.435185
1.212937
1.430917
1.060021
-0.660841
2.117439
-0.224917
-1.659237
0.558639
-0.988025
0.037935
0.843459
-0.704159
1.226131
2.057583
1.857211
-0.779865
-0.043999
0.233017
1.116429
-0.069991
0.233145
0.537511
-0.654901
-1.491351
0.770829
0.446127
-0.095823
2.334043
-0.393231
-0.566569
-0.088203
1.124807
-0.115747
-1.022579
0.618861
0.420933
0.504433
0.291333
0.311523
1.983321
-0.673485
-1.148283
-1.755303
0.306455
0.196835
0.910421
1.213241
1.285771
0.575507
-0.083501
-0.586243
0.659673
0.594057
-0.549771
1.011773
-1.369183
0.036891
0.859617
0.346857
-0.294103
0.266093
0.968641
1.723349
-0.955191
0.963953
-0.681481
0.021773
-0.053331
-1.316817
-2.009113
-0.965159
0.482259
2.077815
1.845485
-1.633915
-0.037059
-1.360965
-0.775797
0.345713
-0.992601
0.604493
0.721669
-0.948375
1.210891
-0.403583
-0.941711
-0.058723
2.308551
0.812793
-0.472739
2.223329
1.186999
-0.624195
1.092071
0.548677
1.044521
0.036665
-0.558093
2.053519
0.450415
-0.087715
-1.113077
0.275521
0.738587
-1.476527
0.960777
1.036109
0.465335
0.127021
1.256663
0.566611
0.781097
0.300945
-0.531399
-0.579227
-0.167255
-0.630171
1.662885
-0.137105
-1.349137
1.187177
1.046671
1.076245
0.663737
0.302613
2.191749
-0.356285
-0.847559
0.078551
0.391217
-0.777243
-0.093817
-0.301697
1.257075
1.904813
0.372485
-0.109675
0.250917
-0.200805
-1.304619
0.425151
0.151945
-0.272101
-0.437215
0.684313
0.122853
-0.934923
0.799873
0.623895
-0.024431
0.574493
0.514095
0.050055
2.198869
0.387203
-0.615137
2.249855
-0.084593
2.322059
3.215075
-1.739007
-0.330203
-1.482363
0.617877
-0.782121
-0.429127
-1.187471
-0.930335
0.517445
-0.889907
1.023505
1.676527
-1.077667
1.393225
0.245759
1.218481
0.464497
0.017505
1.113305
-0.768405
-0.203271
1.251913
-0.805843
-0.606335
1.814881
0.258999
1.146511
0.908433
-1.428471
-1.612189
0.031625
0.060591
0.053365
-1.035673
-1.799587
-0.177439
2.269317
0.324709
-1.936839
-0.223497
-0.407301
-0.820293
0.403115
1.598931
2.538985
0.188603
0.366737
-0.107207
-1.634291
0.913375
1.709835
-0.233189
-2.045575
1.028613
-0.903929
1.768571
-0.761453
-0.780441
0.323283
1.669095
1.004009
0.684955
1.643129
0.406129
0.175501
-0.734971
-0.182137
2.493955
0.995667
0.934381
1.178091
0.199955
-0.439911
-0.430489
0.825709
-0.734341
0.374363
-0.839373
2.466369
-0.522839
-0.719631
-0.311525
-1.893525
0.938989
0.835561
-2.157367
-0.476961
0.505533
-1.213175
-0.473803
0.270845
0.170013
2.162945
-0.488485
1.479329
-0.058403
-1.117427
1.606865
0.580161
1.145581
0.217153
-1.019785
1.061821
-1.098551
-0.125633
-0.390837
-1.049029
-2.104239
-1.137623
-0.723821
0.585263
0.641699
-0.833369
-0.328163
-1.853493
-0.693421
-0.553963
0.561641
-0.353711
-0.251853
0.018135
-1.271091
0.728241
-1.572151
-1.295759
-0.924493
-0.930831
0.092519
1.897699
0.909297
1.325279
0.513365
-0.744973
-0.188271
0.150251
-0.959959
0.313069
1.022185
0.554231
1.014283
-1.005699
-0.214599
0.210521
0.527203
-0.608173
0.566627
1.172773
0.564455
-0.076561
0.420943
0.692919
-1.447959
0.251805
-0.896501
-0.936015
-1.607821
0.064223
0.957565
-0.667011
0.822123
-1.236421
0.517819
-0.296397
1.142329
-0.658787
-1.557975
-1.936207
-1.542431
-0.328257
-0.182527
-0.196337
-0.077171
0.212733
-0.817667
-0.680653
1.341675
1.194561
-0.787503
0.882715
0.256231
1.425747
-0.369695
-2.125525
1.162681
-0.029395
-0.159545
-0.603749
-0.239767
-1.102511
1.783081
-0.448821
-0.832969
-0.636343
-1.355229
0.030801
2.676107
-0.231541
0.762205
0.171369
1.540571
0.956871
-0.498125
0.506899
-0.951457
0.610083
1.523333
-1.393521
0.403317
-0.862545
0.915525
-0.123043
0.202143
0.543783
0.238141
-0.578809
0.847917
-1.027605
0.880367
1.477603
0.238485
0.059323
-1.802287
1.057699
-0.340563
-0.233729
-0.010211
-1.734425
-0.948425
0.444495
0.137969
0.440765
1.193207
0.731979
-0.662009
0.516955
-0.499371
-0.454891
-0.119483
-0.616057
1.222515
0.041417
-1.151739
-1.421019
-0.992945
-0.484843
0.301977
1.388745
-0.926829
1.933137
0.744225
0.783841
-0.961997
-2.241569
2.808041
-1.206911
0.046607
1.260891
0.136541
-0.920573
-0.376255
2.313499
-1.351055
0.566433
0.731639
0.019795
-0.764589
-0.013633
-1.257915
-0.041427
0.906187
-1.315137
0.711429
-1.565925
-0.557795
0.513999
1.787065
0.696851
0.758651
0.600293
-0.609319
-0.438275
-0.538851
2.199973
-0.499319
0.316393
-1.544055
-1.533017
0.591905
-0.905765
0.798021
0.554381
0.545823
-0.295445
2.299369
-0.101541
0.988919
-0.946243
-2.071409
-1.918641
-0.143557
-0.658309
0.373427
-0.391359
1.311931
-0.946297
0.771751
-0.644449
0.878631
-1.920671
-0.561287
0.441691
0.040335
1.191545
-0.546793
-1.971227
-0.725149
1.134991
0.054781
0.327525
1.450899
-0.524779
1.280653
0.391551
-0.522509
-0.952593
1.216877
0.132445
1.821579
-0.827269
-0.392987
0.859365
-0.064909
0.248499
0.547081
0.386019
1.318599
3.084173
1.023159
0.195307
0.740501
0.980831
0.784497
-0.254251
1.540541
0.735957
0.339693
-1.267865
-0.179561
2.097101
0.261645
-1.899033
0.544001
1.030727
0.064521
0.929539
1.040367
-0.430841
0.385031
0.681231
-0.915223
1.231933
-0.653439
2.113807
0.889777
0.199279
1.182997
1.807155
0.133873
-0.103365
0.451435
0.373443
-0.138561
-0.200061
2.313495
-1.361637
-0.166643
-0.488321
1.270903
0.460167
-0.206151
2.312285
0.069147
0.735079
-1.101869
-0.499697
-0.294565
0.334351
-0.632989
-0.078325
1.133559
-0.053035
-1.470343
0.981357
1.745061
0.089129
-0.440017
0.464343
0.202665
-1.101195
0.748593
1.650615
0.227425
-0.391513
1.688721
2.271051
0.028199
0.155697
-0.659803
0.204563
0.257631
-2.899597
-0.255263
-0.332151
0.545675
0.080863
-1.284667
0.083421
-0.839859
0.534133
0.337625
-2.376649
0.897799
0.397927
1.003507
0.581981
-0.950415
-0.951177
1.400901
2.418605
-1.455521
1.409161
0.337853
-0.133615
-0.587189
-0.254829
-0.915811
-0.530489
0.197587
0.706689
-0.391547
0.657815
0.514275
0.196399
1.634087
0.923391
-2.429281
-1.101903
-0.917239
-2.302311
-1.066377
0.090849
0.875569
-1.696073
-0.697693
0.852047
-0.135533
0.067051
0.678371
1.748639
0.676341
-1.078175
-2.087357
0.582125
2.190447
0.176071
2.306981
-1.576595
-0.075649
0.711119
-0.132595
-1.620829
0.943745
-0.592303
0.204889
0.632231
-0.304169
-1.533735
-0.711067
0.961301
-1.564531
-1.798893
-0.379173
0.730463
-0.069327
-1.724201
0.094885
0.687527
0.197029
-1.333231
-0.600327
0.120865
1.519855
0.692517
1.623491
1.807291
0.620095
-0.024203
-0.720553
0.268285
-2.059341
0.293555
1.215761
2.031349
-0.813899
-0.337839
0.369639
0.351717
-1.684167
-0.306005
-0.473715
-1.098561
-0.212623
0.069803
-1.028641
0.572777
1.512619
-0.297759
-1.099193
-1.277839
0.459395
0.717409
-1.136723
-0.267671
1.899339
0.339003
0.626275
0.281229
0.213231
-0.098483
-0.705103
1.721057
0.478409
2.071887
-0.390615
0.073701
-0.766059
-1.081915
-2.035739
-1.473659
-0.493145
-0.763997
-0.106261
-0.350173
0.533925
-0.184709
-1.845887
-0.097391
0.067073
1.288515
0.674473
-0.950289
0.558083
1.877361
1.052023
0.122577
-0.430779
-1.946565
0.030339
1.302705
1.066269
-1.497359
0.233859
-0.342137
-0.122305
-0.030167
-0.629769
-1.002585
-1.923839
1.552561
-1.062259
-0.816069
1.411849
-0.540085
0.956301
1.213505
0.659863
0.672827
-0.330063
1.831585
1.055759
1.427729
-1.002539
-0.810027
-1.794039
0.967179
0.897201
1.924577
0.997055
-0.028089
-0.843603
-1.380925
1.451449
0.227361
1.484417
1.060711
1.254413
1.071275
-1.948911
-1.027903
0.335419
-1.925253
-0.123975
-0.332189
-0.070713
0.741987
-0.249007
3.054217
-1.777819
1.326745
0.763467
1.260283
0.555499
-1.092705
1.794931
-0.346253
-0.156311
0.491655
1.538281
-1.102183
-0.990769
-0.719249
-0.372293
0.715577
0.307191
-0.559601
-0.415633
1.180709
-0.413613
-0.491235
0.182347
-0.254429
0.771607
0.114857
1.499787
0.553079
-0.764559
0.367151
-1.562283
-0.066753
-0.665743
0.269449
0.121147
0.886411
-0.357435
1.873385
-0.647441
0.074063
0.380481
-0.239163
-1.460237
2.558031
0.098589
-0.044899
0.148229
0.689295
1.476655
-0.097465
-1.865835
0.152975
-0.771863
-0.881857
-0.523473
0.082365
-1.072697
0.293269
-1.575573
-0.132865
-0.651017
-1.229253
-0.939423
-0.415705
-0.152459
-0.788239
-0.871869
1.282971
-0.040279
0.011005
-0.522857
-1.127903
0.104097
-0.770415
-0.246903
0.466733
1.731169
1.856341
-0.922765
0.642115
-0.075483
1.112581
0.270853
0.294849
-0.828705
0.023935
1.956393
-0.507469
-0.026901
-1.027331
1.235591
0.579185
-0.426201
-1.855325
-1.714865
0.883341
-0.122187
-0.596323
2.377271
-0.170355
0.770207
0.195415
-0.064553
2.007423
-0.452629
-1.094747
-0.166687
-2.118297
2.032251
1.968479
-1.174215
-0.159605
1.160191
2.250429
0.747545
0.363779
1.298075
0.061401
1.605701
0.175337
-1.027723
-0.412955
-0.374995
1.111641
-0.791193
0.504977
0.963435
-1.486935
0.121875
0.427681
-1.670443
1.401519
0.110217
-2.103401
0.652607
0.061999
1.597097
0.162993
0.148757
-0.654551
1.773177
0.415879
0.382643
1.157451
0.243323
-1.848739
2.274719
-0.335535
-0.702179
-0.626911
1.221237
-0.112525
0.292183
-1.442187
-0.760897
-2.338313
0.789129
-0.856045
1.607955
0.604963
-0.276147
-0.838525
2.267425
0.407915
0.242769
-0.181865
0.793855
-0.358741
0.698691
-0.137703
-1.218195
-0.689085
-0.896355
0.962507
-1.041139
0.417669
0.392055
-0.177149
1.275097
-0.895629
-1.365945
-1.791225
0.304039
-1.205321
0.442089
1.492775
-0.356393
0.057517
1.661829
0.435723
-0.951115
-0.904723
-0.195193
2.422943
0.319685
-1.698495
-0.268633
0.684833
-0.504565
0.299201
-1.145163
1.149097
0.826669
0.878935
-0.234395
-0.987723
0.695595
-0.970101
1.516851
-0.266433
2.016469
-0.412673
-1.320201
0.019925
-1.292051
1.560977
1.560345
0.492855
-1.544297
0.172423
1.286973
-0.706093
0.784549
0.401305
0.669917
0.836563
0.692141
1.842659
0.228645
-0.476577
2.398217
0.129957
-0.197857
-0.066005
-0.653935
-0.550297
0.881431
0.752573
-1.318769
0.063387
-0.725573
0.485247
0.860625
-0.500079
-1.148625
1.045993
-0.728007
-0.990521
-0.657951
0.184757
-0.556819
-0.534399
0.943715
-1.056593
1.164393
-0.460511
0.042459
-1.249581
1.581781
0.073489
0.879621
0.089595
-0.134963
-0.478783
0.829999
0.400175
0.709239
0.391043
-1.060099
-0.118781
1.667719
0.122083
-1.616637
-0.230611
1.049225
0.662011
-0.440667
0.621155
-0.360979
0.488947
0.974447
-0.699067
0.220259
-0.001859
-1.717071
-0.202145
-0.559799
-0.849161
-1.758749
0.480317
-0.310481
0.521355
-1.331691
0.054133
-0.554653
0.657373
-0.495455
0.056193
-1.367755
-0.615769
-0.045205
0.021829
1.047753
-1.657561
0.139113
-0.643391
0.187643
-0.472331
-0.176459
-0.112391
0.031125
-0.952269
-0.632035
0.563825
1.116669
-0.410613
0.797577
0.097425
0.543355
-1.233419
-1.346605
0.615231
0.118017
2.160149
-0.001607
0.611499
0.889923
-0.723321
-0.520593
-0.308181
-0.281529
-0.017817
-1.690927
-0.082969
0.997177
2.234215
1.922209
-0.406393
0.886125
-1.490499
0.414339
-0.937539
-0.080711
1.442089
0.127905
0.781737
0.770501
-1.739675
-0.297719
-0.266645
0.271059
1.610667
0.544221
-1.149943
-0.563151
-2.462275
-2.091739
-0.233785
-1.073563
-0.378081
0.213267
0.525647
-0.875975
-1.261547
-0.079895
-0.307567
-0.478227
-1.128221
-0.209113
0.136241
-0.889945
0.442409
1.170501
-1.714013
-1.151047
-0.087109
-0.905411
-0.350005
0.726755
-0.214021
-0.332553
-1.008003
-1.259123
0.891765
0.095265
-0.546717
-0.083737
0.517693
0.357865
0.700199
-0.330569
0.668627
1.201495
1.297219
-1.637221
0.427779
0.357927
-1.052903
-1.503743
0.538403
-0.181565
0.720823
0.837783
0.035157
-0.902553
-1.302543
0.299307
0.862773
-0.683897
0.451189
-0.991419
0.175307
1.712185
-1.625545
-0.371037
0.308525
0.914963
1.860255
1.019431
0.653699
-0.147245
0.758051
0.523045
1.980243
-0.376167
0.112237
-0.037111
0.620967
-0.473689
-0.539301
-0.332293
0.858365
0.962905
0.938425
-0.336159
-0.540103
0.618463
-0.102705
-1.450735
-1.349375
-0.701975
-0.442477
0.570821
0.830829
0.224861
0.255755
1.003583
-1.857027
-2.642845
-1.355123
0.828605
-1.899359
-0.390697
-1.961345
0.923581
1.006855
-0.618919
-1.956007
-1.421119
1.369969
0.134503
0.342387
-1.089337
-0.210031
0.077221
0.702637
-1.050333
2.015393
-0.268043
0.166917
0.043417
0.076729
-0.074405
-1.455181
0.557383
1.619233
-0.531899
-0.330351
-1.100483
-0.310341
0.232227
0.558003
0.026005
1.030093
-1.917661
-0.030407
0.397475
-1.687193
-0.053217
1.061191
0.602923
2.285135
0.153961
0.671727
-0.039915
1.651475
-1.498689
0.482399
0.889711
-0.594991
-0.061797
-0.213817
0.532587
0.374193
-1.095955
2.143455
-0.137463
0.539677
0.882829
-1.178937
0.235439
0.446907
-0.852911
0.090033
-0.338613
0.653145
-0.155035
-1.044939
1.127045
-0.210239
-0.949453
-0.590647
1.289693
-0.861611
-1.101293
-0.216365
-2.039975
0.024305
-0.107201
-1.326649
-0.006343
1.942779
0.410831
0.183179
1.212003
1.404839
1.094427
-0.258355
-0.494843
-1.042027
-0.844963
0.541229
0.878073
-0.053187
-1.564121
1.004013
0.738279
-0.013651
2.167623
-0.463689
-0.331721
-0.172249
-0.650071
-0.690797
-1.078691
-1.387595
0.734329
-0.528587
0.440743
0.651595
-1.806495
-0.486403
-0.451457
-0.718099
-0.502761
-0.603773
-0.603443
-1.177153
0.168355
-2.068361
-0.182419
-1.096567
0.641273
1.182729
-1.429271
-1.180507
-0.400341
-0.763473
-1.350547
-1.401061
0.277991
0.542093
0.890257
0.659531
1.785369
-0.124271
-0.237941
-1.787283
1.639329
-1.868825
-1.624339
0.035841
0.728785
1.078885
0.392397
0.122833
-1.712013
-0.784605
-1.436361
-1.370029
-0.544267
0.305467
-0.629541
-0.210747
0.952869
-0.530259
1.404219
-0.495639
-0.166197
-0.652513
2.430999
-0.083379
-1.271541
-0.208191
0.255859
0.045157
-0.884839
0.732527
-1.491381
0.566637
1.518365
0.262615
-0.483541
-0.285853
0.358109
-0.556677
-1.228959
-1.257355
-0.908437
1.354565
0.570893
-0.785199
-1.047203
-1.348161
0.048211
0.367001
-1.200319
1.542037
0.943025
-0.907223
-0.514085
0.117317
-0.464109
0.993767
-1.607785
0.229577
-0.229871
0.493331
1.234251
0.066403
-0.230707
-0.778721
-1.091309
-1.201491
-1.191393
-0.788425
-0.581513
-0.045821
-0.308915
0.536321
-0.406591
0.220997
-0.453855
0.573955
0.356175
-1.152529
-0.397729
-0.259141
-0.818001
0.377395
-1.055521
2.425035
-0.335677
-0.393655
0.393651
-0.425593
0.683099
-1.247517
-0.539857
-1.024511
-1.511735
0.022331
-0.736841
1.092395
1.293403
2.599031
-0.155115
0.270237
0.355891
-0.442973
0.553143
0.200497
1.261081
-1.124455
0.866017
-0.783265
0.480357
0.298795
0.047933
0.735719
-0.205553
1.340681
-0.941107
-1.435043
-0.699749
-2.424049
2.093781
-1.145467
0.913897
-0.625555
-0.338325
0.182753
-1.398389
-0.423307
0.680715
-0.174303
0.499843
-0.035169
