1.815032
1.882860
1.517162
1.706700
0.979202
1.586959
1.570311
1.992933
1.548684
1.570244
1.962873
1.294349
1.766575
1.407493
1.901532
1.842612
1.208051
1.913152
1.183285
1.784656
1.714659
1.936494
1.317124
1.514267
1.774052
0.696465
1.806557
1.774369
1.378014
1.530087
1.800345
1.413585
1.262943
0.772082
1.945567
1.806922
1.180011
1.930715
0.913362
1.833576
1.870668
1.840376
1.523002
1.752183
1.655459
1.435737
1.711222
1.418791
0.757877
1.613411
1.465397
1.990508
1.891736
1.774211
1.161380
1.978411
1.661792
1.144104
1.303294
1.857282
1.734141
0.668911
1.848233
1.916657
1.198244
1.469419
1.657385
1.763183
1.826897
1.859169
1.797060
1.438172
1.375061
1.126769
1.498901
1.919036
1.438909
1.950034
1.638986
1.737593
1.681984
1.941408
1.798320
0.669473
1.441434
1.958023
1.844038
1.833342
1.889812
1.389932
1.367799
0.927167
1.540931
1.912969
1.990808
1.380781
1.719089
1.211712
1.734561
1.995434
1.085868
1.908918
1.817894
1.398605
1.676195
0.700605
1.555589
1.392199
1.975932
1.593372
1.766051
0.706251
0.853095
1.404339
1.657620
1.819221
0.287518
1.955042
1.907960
1.830946
1.098737
1.725541
1.890981
1.741220
1.815474
0.581641
1.466505
1.995906
1.998148
1.414926
1.074427
1.810317
1.136151
0.984752
1.224323
1.659314
0.976665
1.186438
1.695884
1.858151
1.647044
1.828754
1.932646
1.611190
1.997667
1.243857
0.828768
1.940655
1.892703
1.601642
1.779311
1.747291
1.106885
0.930009
1.931282
1.500688
1.185906
1.928996
1.811298
1.543309
1.600482
1.974526
1.960359
1.344805
1.589282
1.476172
1.922591
0.698654
1.532577
1.614543
1.979345
1.719931
1.931934
1.816058
1.085272
1.524841
1.669640
1.495308
1.004842
1.629012
1.870703
1.637578
1.887628
1.232267
0.930887
1.768658
1.418978
1.509832
1.851703
1.795031
0.967281
1.385790
0.703446
1.330980
1.624357
1.143857
1.236223
0.878922
1.511699
1.729957
1.945280
1.909595
1.367000
1.756859
1.333627
1.041238
1.731597
1.925245
1.974139
1.497802
1.376971
1.984623
1.358203
1.811459
1.851356
1.202149
1.894322
0.906952
1.344335
1.033101
1.565692
1.502816
1.544293
1.340686
1.765186
0.725665
1.859604
1.175356
1.194956
1.796234
1.652113
1.770300
1.829241
1.128146
1.530975
1.884158
1.533462
1.723182
1.720320
1.076652
1.976034
0.580092
0.929153
1.239535
0.838204
1.221669
1.636046
1.986783
1.998804
1.900807
1.306582
0.897415
1.446819
1.798077
0.875339
0.771989
1.660287
0.518516
1.915416
1.590050
1.718143
1.698767
1.078342
1.378792
1.832427
1.556363
1.031295
1.417437
1.926916
0.646497
1.754509
1.708949
1.551704
1.214796
1.283640
1.636144
1.717057
1.489342
1.459501
1.589802
1.772350
1.334409
1.941727
1.332312
1.495183
1.434393
1.129401
1.617391
1.894199
1.378871
1.789452
1.117327
1.580171
1.159662
1.455465
1.559949
0.488453
1.881000
1.943806
1.823844
1.763722
1.363457
0.778525
1.381753
1.361813
1.871729
1.158546
1.953256
1.914509
1.631862
1.658708
1.689256
1.021901
1.968486
1.977505
1.257172
1.349696
1.529409
1.805224
1.309487
1.488576
1.759825
0.846646
1.991537
1.636383
1.745180
1.691809
0.969324
1.477752
1.701446
1.974083
0.762006
1.644660
0.759016
1.736983
1.992475
0.318471
1.901387
1.580569
1.545879
1.096195
1.404838
1.832578
1.752670
1.988710
1.987978
1.813885
0.711731
1.521551
1.568422
1.745671
0.585769
1.274420
1.566366
1.880900
1.753639
1.833044
1.638887
1.990361
1.103003
1.221278
1.910383
1.525213
0.717042
1.611538
1.772009
1.647205
1.598203
1.217003
1.877474
1.512882
1.775665
0.761555
1.934988
1.782721
1.877074
1.644268
1.455179
1.733584
1.576405
0.847034
1.810726
1.719235
1.954780
1.640001
1.899092
1.247274
1.575776
1.206988
0.935869
0.738179
0.762673
1.999910
1.800006
1.494127
1.579368
1.662061
1.905752
1.118657
1.979541
1.552098
1.176054
1.328369
1.515595
1.939866
0.996220
1.042303
1.952505
1.883701
1.244485
1.173320
1.601862
1.267028
1.276206
1.847703
1.554543
1.450474
0.787503
0.566707
1.427640
0.599049
1.718708
0.994176
1.453665
1.555468
1.576664
1.005644
1.730153
1.703692
0.227866
1.899332
1.775609
1.964188
1.229787
1.495809
1.142034
1.226540
1.640752
1.679309
1.324702
1.827629
1.176437
1.714160
1.756413
1.703830
1.605223
1.802741
1.425944
1.296862
1.305204
1.308455
1.287421
1.950762
0.284901
1.670386
1.616829
1.661557
0.879613
1.854595
1.362329
1.897820
1.412220
0.873630
1.872658
1.779710
1.705263
1.829334
1.036708
1.876597
1.976278
0.623361
1.919115
1.181683
1.685318
1.564022
1.721198
1.636995
1.995513
1.006210
1.276883
1.816787
1.351155
1.213948
1.443191
1.987675
1.176289
1.400371
1.460642
1.886133
1.774664
1.118111
1.748742
0.968652
1.510506
1.567411
0.454539
1.329118
1.830597
1.841214
1.375610
1.797515
1.706041
0.599236
0.772216
1.503577
1.332268
1.947682
1.227923
1.760074
1.958092
1.552162
1.127673
1.741816
1.067436
1.184969
1.686670
1.771741
1.264847
1.223783
1.549287
1.688696
0.833364
1.943486
1.052126
1.877273
1.983256
1.481503
1.443266
1.975348
1.051010
0.752972
1.918874
1.705167
0.327964
0.958317
1.974796
1.653315
1.465424
1.410770
1.911677
1.207410
1.984117
1.822108
1.386868
0.930831
1.459914
0.755704
1.761853
1.784509
1.758252
1.472765
1.191499
1.778037
1.278641
1.880193
1.951323
1.525641
1.363503
1.684475
1.464546
1.558373
1.906384
1.728781
1.826319
1.724312
1.851555
1.610110
1.400246
1.889568
1.886104
0.708091
1.915635
1.662866
1.916481
1.075003
1.953102
1.120630
1.649391
1.963245
1.372972
1.366140
1.644690
1.667614
1.907524
1.834554
1.636791
1.638023
1.436569
1.532460
1.859868
1.963300
1.725545
1.938005
0.624749
1.327341
0.504347
1.607108
1.445819
1.627353
0.921411
1.548412
1.436114
1.615456
1.986026
1.112682
0.934891
1.737877
0.276960
1.716732
1.450257
1.146468
1.867814
1.944470
1.666614
1.415604
1.788877
1.651946
1.870741
1.455672
1.225896
1.524446
1.856585
1.597138
0.909874
1.587082
1.511758
1.596621
1.843942
1.779812
1.735746
1.576994
1.330416
1.235714
1.143337
1.968871
1.433127
1.841215
1.416586
0.989489
1.371198
1.309907
1.971447
1.450796
1.389490
1.958358
1.930104
1.818146
1.687705
1.298841
1.314056
1.978458
1.816886
1.436618
0.891221
1.077011
1.672346
0.650087
1.136859
1.917385
0.882658
1.774173
1.505195
1.452948
1.948506
1.969077
1.480132
1.497633
1.961212
1.990126
1.325018
1.286948
1.993165
1.280408
0.826088
1.406550
0.907569
1.589589
1.325486
1.521148
1.684724
1.893773
1.771590
1.292164
1.736922
1.878145
1.402267
1.899567
0.760397
1.757675
1.116981
1.834017
1.104413
0.755467
1.880141
1.836688
1.899185
1.444981
1.587450
1.311824
1.788729
1.672607
1.724274
0.895035
1.379959
1.822400
1.517676
0.865493
0.710072
1.077515
1.293881
1.820429
1.213109
1.676930
0.789754
1.892542
1.913642
1.606924
1.449042
0.902879
1.311232
1.336076
1.731922
0.650798
0.859448
1.776733
1.332723
0.501033
1.244592
1.242204
1.984941
1.185604
1.211303
1.904698
0.732582
1.986625
0.760555
1.266445
1.422888
1.137184
1.620547
1.991366
1.285500
1.927509
1.937292
1.069262
1.398908
1.362046
1.635567
1.934076
1.182951
1.834192
1.914305
1.887223
1.052833
1.828000
0.475264
1.619245
1.532966
1.326374
1.307504
0.424714
1.965903
1.986090
1.829026
1.730177
0.833366
1.951186
1.101264
1.944346
1.711460
1.815363
1.775550
1.840162
1.914286
1.460023
1.606786
1.036389
1.748250
1.715005
1.380758
1.419767
1.525707
1.322245
1.726275
1.704047
1.575303
1.871273
1.009151
0.858667
0.822701
1.888145
1.899713
1.434804
1.600074
1.451688
1.123111
1.245445
1.664421
0.274243
1.384316
1.211806
1.604726
1.740270
1.697049
1.955254
1.983089
1.265355
1.408516
1.726015
1.807592
1.997499
0.626455
1.587719
1.632636
1.654013
1.495718
1.931656
1.219353
1.857966
1.614410
1.847007
1.592115
1.671444
1.049896
1.340120
1.317102
1.148502
1.771681
0.801047
1.913093
1.903183
1.525741
1.845762
1.808605
1.907918
1.869834
1.472490
1.527317
1.952031
1.528792
1.719461
1.032281
1.979569
1.097576
1.873887
1.921199
1.726581
1.429765
1.437246
1.261776
1.387415
1.804022
1.696679
1.230103
1.509493
1.950143
1.082663
0.994343
1.503611
1.845333
1.619965
1.404847
1.921322
1.591278
1.203146
1.957087
1.164752
1.784690
1.353298
1.939758
1.651464
1.617296
1.293231
1.928033
1.140748
1.748362
1.845403
0.728072
1.869567
1.597564
1.962218
1.434196
1.719827
1.974087
1.086212
1.504305
1.756303
1.570449
1.026671
1.582148
1.411070
1.722207
1.463987
1.944364
0.691938
1.991646
1.293555
1.365963
1.560391
1.847300
1.848174
1.697494
0.532089
1.570966
1.112591
1.456997
1.962884
1.630337
0.281111
1.749517
0.798798
1.862453
1.462628
1.671776
1.994169
1.499717
1.522453
1.725851
1.745646
1.642373
1.019263
1.722331
1.784460
1.777247
1.603094
1.158081
0.135123
1.135703
1.564479
1.768921
1.642277
1.583351
1.407653
1.903133
1.346444
1.162393
1.674262
1.896646
1.797031
1.834754
1.852808
1.695581
1.352762
1.803612
1.200364
1.701452
0.839302
0.917093
1.555033
1.894129
1.804001
1.123446
1.935333
1.896379
1.758568
1.654446
1.920522
1.926564
1.855210
1.727569
1.961793
0.787511
0.760892
1.569469
1.946056
1.474862
1.944298
1.551077
1.790608
1.610698
1.960552
1.996229
0.922756
1.751529
1.939796
1.530355
1.767592
1.428773
1.681370
1.981154
1.414640
1.632387
1.463176
1.983266
1.730384
1.983742
1.535667
1.430926
1.397709
1.637078
1.465810
1.666365
1.991531
1.465764
1.965011
1.256057
1.188876
1.311550
1.814883
1.814875
